grenoble,lille,paris,saclay,strasbourg,lille_20_m3-1,lille_20_m3-2,lille_20_m3-4,lille_20_m3-5,lille_20_m3-6,lille_20_m3-12,lille_20_m3-13,lille_20_m3-15,lille_20_m3-17,lille_20_m3-18,lille_20_m3-19,lille_20_m3-20,lille_20_m3-21,lille_20_m3-22,lille_20_m3-23,paris_m3-4,paris_m3-5,paris_m3-6,paris_m3-7,paris_m3-8,paris_m3-10,paris_m3-11,paris_m3-12,paris_m3-13,paris_m3-14,paris_m3-15,paris_m3-16,paris_m3-17,paris_m3-18,paris_m3-19,paris_m3-20,paris_m3-21,paris_m3-22,paris_m3-23,paris_m3-24,paris_m3-25,paris_m3-26,paris_m3-27,paris_m3-28,paris_m3-31,paris_m3-35,paris_m3-36,paris_m3-37,paris_m3-38,paris_m3-39,paris_m3-40,paris_m3-41,paris_m3-42,paris_m3-43,paris_m3-44,paris_m3-47,paris_m3-48,paris_m3-49,paris_m3-50,paris_m3-51,paris_m3-52,paris_m3-53,paris_m3-55,paris_m3-56,paris_m3-57,paris_m3-60,paris_m3-61,paris_m3-63,paris_m3-64,saclay_m3-1,saclay_m3-2,saclay_m3-3,saclay_m3-4,saclay_m3-5,saclay_m3-6,saclay_m3-7,saclay_m3-8,saclay_m3-9,saclay_m3-10,saclay_m3-11,saclay_m3-12,strasbourg_m3-2,strasbourg_m3-3,strasbourg_m3-6,strasbourg_m3-7,strasbourg_m3-12,strasbourg_m3-13,strasbourg_m3-14,strasbourg_m3-15,strasbourg_m3-18,strasbourg_m3-19,strasbourg_m3-23,strasbourg_m3-25,strasbourg_m3-28,strasbourg_m3-30,strasbourg_m3-31,strasbourg_m3-34,strasbourg_m3-35,strasbourg_m3-38,strasbourg_m3-40,strasbourg_m3-41,strasbourg_m3-42,strasbourg_m3-44,strasbourg_m3-45,strasbourg_m3-46,strasbourg_m3-47,strasbourg_m3-49,strasbourg_m3-51,strasbourg_m3-54,strasbourg_m3-55,strasbourg_m3-58,strasbourg_m3-59,strasbourg_m3-63
0.0,0.0,12.9,12.1,12.5,0.0,0.0,0.0,0.0,0.0,0.0,0.0,0.0,0.0,0.0,0.0,0.0,0.0,0.0,0.0,13.417,13.363,13.34,13.335,13.392,13.462,13.43,13.386000000000001,13.402000000000001,13.429,13.368,13.412,13.4,13.363,13.422,13.363,13.411,13.351,13.356,13.332,13.431000000000001,13.362,13.395,13.348,13.321,13.43,13.434000000000001,13.502,13.48,13.443,13.409,13.39,13.412,13.431000000000001,13.4,13.452,13.403,13.389000000000001,13.435,13.425,13.437000000000001,13.439,13.445,13.395,13.398,13.386000000000001,13.3,13.404,13.443,12.632,12.616999999999999,12.607,12.622,12.52,12.596,12.583,12.591999999999999,12.632,12.477,12.559,12.679,13.151,13.132,13.149000000000001,13.146,13.149000000000001,13.091,13.167,13.158,13.079,13.096,13.132,13.109,13.136,13.109,13.191,13.068999999999999,13.152,13.085,13.103,13.119,13.107,13.157,13.091,13.065,13.125,13.133,13.107,13.092,13.136,13.123,13.15,13.14
0.0,0.0,6.45,7.43,17.3,0.0,0.0,0.0,0.0,0.0,0.0,0.0,0.0,0.0,0.0,0.0,0.0,0.0,0.0,0.0,6.9670000000000005,6.913,6.890000000000001,6.885,6.942,7.0120000000000005,6.98,6.936,6.952,6.979,6.918,6.962,6.95,6.913,6.972,6.913,6.961,6.901,6.906000000000001,6.882000000000001,6.981,6.912,6.945,6.898000000000001,6.871,6.98,6.984,7.0520000000000005,7.03,6.993,6.9590000000000005,6.94,6.962,6.981,6.95,7.002000000000001,6.953,6.939,6.985,6.9750000000000005,6.987,6.989,6.995,6.945,6.948,6.936,6.8500000000000005,6.954000000000001,6.993,7.962,7.947,7.936999999999999,7.952,7.85,7.926,7.912999999999999,7.922,7.962,7.8069999999999995,7.888999999999999,8.009,17.951,17.932000000000002,17.949,17.946,17.949,17.891000000000002,17.967000000000002,17.958000000000002,17.879,17.896,17.932000000000002,17.909,17.936,17.909,17.991,17.869,17.952,17.885,17.903000000000002,17.919,17.907,17.957,17.891000000000002,17.865000000000002,17.925,17.933,17.907,17.892,17.936,17.923000000000002,17.95,17.94
12.9,6.45,0.0,1.84,15.6,6.45,6.45,6.45,6.45,6.45,6.45,6.45,6.45,6.45,6.45,6.45,6.45,6.45,6.45,6.45,0.517,0.463,0.44,0.435,0.492,0.562,0.53,0.486,0.502,0.529,0.468,0.512,0.5,0.463,0.522,0.463,0.511,0.451,0.456,0.432,0.531,0.462,0.495,0.448,0.421,0.53,0.534,0.602,0.58,0.543,0.509,0.49,0.512,0.531,0.5,0.552,0.503,0.489,0.535,0.525,0.537,0.539,0.545,0.495,0.498,0.486,0.4,0.504,0.543,2.372,2.357,2.347,2.362,2.2600000000000002,2.3360000000000003,2.323,2.332,2.372,2.217,2.299,2.419,16.251,16.232,16.249,16.246,16.249,16.191,16.267,16.258,16.179,16.195999999999998,16.232,16.209,16.236,16.209,16.291,16.169,16.252,16.185,16.203,16.219,16.207,16.256999999999998,16.191,16.165,16.225,16.233,16.207,16.192,16.236,16.223,16.25,16.24
12.1,7.43,1.84,0.0,14.7,7.43,7.43,7.43,7.43,7.43,7.43,7.43,7.43,7.43,7.43,7.43,7.43,7.43,7.43,7.43,2.357,2.303,2.2800000000000002,2.275,2.332,2.402,2.37,2.326,2.342,2.369,2.3080000000000003,2.3520000000000003,2.34,2.303,2.362,2.303,2.351,2.291,2.2960000000000003,2.2720000000000002,2.371,2.302,2.335,2.2880000000000003,2.261,2.37,2.374,2.442,2.42,2.383,2.349,2.33,2.3520000000000003,2.371,2.34,2.3920000000000003,2.343,2.329,2.375,2.365,2.3770000000000002,2.379,2.3850000000000002,2.335,2.338,2.326,2.24,2.3440000000000003,2.383,0.532,0.517,0.507,0.522,0.42,0.496,0.483,0.492,0.532,0.377,0.459,0.579,15.350999999999999,15.331999999999999,15.349,15.346,15.349,15.290999999999999,15.366999999999999,15.357999999999999,15.279,15.296,15.331999999999999,15.309,15.335999999999999,15.309,15.391,15.268999999999998,15.351999999999999,15.285,15.302999999999999,15.318999999999999,15.306999999999999,15.357,15.290999999999999,15.264999999999999,15.325,15.332999999999998,15.306999999999999,15.292,15.335999999999999,15.322999999999999,15.35,15.34
12.5,17.3,15.6,14.7,0.0,17.3,17.3,17.3,17.3,17.3,17.3,17.3,17.3,17.3,17.3,17.3,17.3,17.3,17.3,17.3,16.117,16.063,16.04,16.035,16.092,16.162,16.13,16.086,16.102,16.129,16.068,16.112,16.1,16.063,16.122,16.063,16.111,16.051,16.056,16.032,16.131,16.062,16.095,16.048,16.021,16.13,16.134,16.201999999999998,16.18,16.143,16.108999999999998,16.09,16.112,16.131,16.1,16.152,16.102999999999998,16.089,16.134999999999998,16.125,16.137,16.139,16.145,16.095,16.098,16.086,16.0,16.104,16.143,15.232,15.216999999999999,15.206999999999999,15.222,15.12,15.196,15.183,15.192,15.232,15.077,15.158999999999999,15.279,0.651,0.632,0.649,0.646,0.649,0.591,0.667,0.658,0.579,0.596,0.632,0.609,0.636,0.609,0.691,0.569,0.652,0.585,0.603,0.619,0.607,0.657,0.591,0.565,0.625,0.633,0.607,0.592,0.636,0.623,0.65,0.64
0.0,0.0,6.45,7.43,17.3,0.0,20.425,46.77,7.93,17.744,7.921,7.279,7.6,9.199,6.967,8.569,8.562,9.521,8.881,14.244,6.9670000000000005,6.913,6.890000000000001,6.885,6.942,7.0120000000000005,6.98,6.936,6.952,6.979,6.918,6.962,6.95,6.913,6.972,6.913,6.961,6.901,6.906000000000001,6.882000000000001,6.981,6.912,6.945,6.898000000000001,6.871,6.98,6.984,7.0520000000000005,7.03,6.993,6.9590000000000005,6.94,6.962,6.981,6.95,7.002000000000001,6.953,6.939,6.985,6.9750000000000005,6.987,6.989,6.995,6.945,6.948,6.936,6.8500000000000005,6.954000000000001,6.993,7.962,7.947,7.936999999999999,7.952,7.85,7.926,7.912999999999999,7.922,7.962,7.8069999999999995,7.888999999999999,8.009,17.951,17.932000000000002,17.949,17.946,17.949,17.891000000000002,17.967000000000002,17.958000000000002,17.879,17.896,17.932000000000002,17.909,17.936,17.909,17.991,17.869,17.952,17.885,17.903000000000002,17.919,17.907,17.957,17.891000000000002,17.865000000000002,17.925,17.933,17.907,17.892,17.936,17.923000000000002,17.95,17.94
0.0,0.0,6.45,7.43,17.3,20.425,0.0,0.0,0.0,0.0,0.0,0.0,0.0,0.0,0.0,0.0,0.0,0.0,0.0,0.0,6.9670000000000005,6.913,6.890000000000001,6.885,6.942,7.0120000000000005,6.98,6.936,6.952,6.979,6.918,6.962,6.95,6.913,6.972,6.913,6.961,6.901,6.906000000000001,6.882000000000001,6.981,6.912,6.945,6.898000000000001,6.871,6.98,6.984,7.0520000000000005,7.03,6.993,6.9590000000000005,6.94,6.962,6.981,6.95,7.002000000000001,6.953,6.939,6.985,6.9750000000000005,6.987,6.989,6.995,6.945,6.948,6.936,6.8500000000000005,6.954000000000001,6.993,7.962,7.947,7.936999999999999,7.952,7.85,7.926,7.912999999999999,7.922,7.962,7.8069999999999995,7.888999999999999,8.009,17.951,17.932000000000002,17.949,17.946,17.949,17.891000000000002,17.967000000000002,17.958000000000002,17.879,17.896,17.932000000000002,17.909,17.936,17.909,17.991,17.869,17.952,17.885,17.903000000000002,17.919,17.907,17.957,17.891000000000002,17.865000000000002,17.925,17.933,17.907,17.892,17.936,17.923000000000002,17.95,17.94
0.0,0.0,6.45,7.43,17.3,46.77,0.0,0.0,0.0,0.0,0.0,0.0,0.0,0.0,0.0,0.0,0.0,0.0,0.0,0.0,6.9670000000000005,6.913,6.890000000000001,6.885,6.942,7.0120000000000005,6.98,6.936,6.952,6.979,6.918,6.962,6.95,6.913,6.972,6.913,6.961,6.901,6.906000000000001,6.882000000000001,6.981,6.912,6.945,6.898000000000001,6.871,6.98,6.984,7.0520000000000005,7.03,6.993,6.9590000000000005,6.94,6.962,6.981,6.95,7.002000000000001,6.953,6.939,6.985,6.9750000000000005,6.987,6.989,6.995,6.945,6.948,6.936,6.8500000000000005,6.954000000000001,6.993,7.962,7.947,7.936999999999999,7.952,7.85,7.926,7.912999999999999,7.922,7.962,7.8069999999999995,7.888999999999999,8.009,17.951,17.932000000000002,17.949,17.946,17.949,17.891000000000002,17.967000000000002,17.958000000000002,17.879,17.896,17.932000000000002,17.909,17.936,17.909,17.991,17.869,17.952,17.885,17.903000000000002,17.919,17.907,17.957,17.891000000000002,17.865000000000002,17.925,17.933,17.907,17.892,17.936,17.923000000000002,17.95,17.94
0.0,0.0,6.45,7.43,17.3,7.93,0.0,0.0,0.0,0.0,0.0,0.0,0.0,0.0,0.0,0.0,0.0,0.0,0.0,0.0,6.9670000000000005,6.913,6.890000000000001,6.885,6.942,7.0120000000000005,6.98,6.936,6.952,6.979,6.918,6.962,6.95,6.913,6.972,6.913,6.961,6.901,6.906000000000001,6.882000000000001,6.981,6.912,6.945,6.898000000000001,6.871,6.98,6.984,7.0520000000000005,7.03,6.993,6.9590000000000005,6.94,6.962,6.981,6.95,7.002000000000001,6.953,6.939,6.985,6.9750000000000005,6.987,6.989,6.995,6.945,6.948,6.936,6.8500000000000005,6.954000000000001,6.993,7.962,7.947,7.936999999999999,7.952,7.85,7.926,7.912999999999999,7.922,7.962,7.8069999999999995,7.888999999999999,8.009,17.951,17.932000000000002,17.949,17.946,17.949,17.891000000000002,17.967000000000002,17.958000000000002,17.879,17.896,17.932000000000002,17.909,17.936,17.909,17.991,17.869,17.952,17.885,17.903000000000002,17.919,17.907,17.957,17.891000000000002,17.865000000000002,17.925,17.933,17.907,17.892,17.936,17.923000000000002,17.95,17.94
0.0,0.0,6.45,7.43,17.3,17.744,0.0,0.0,0.0,0.0,0.0,0.0,0.0,0.0,0.0,0.0,0.0,0.0,0.0,0.0,6.9670000000000005,6.913,6.890000000000001,6.885,6.942,7.0120000000000005,6.98,6.936,6.952,6.979,6.918,6.962,6.95,6.913,6.972,6.913,6.961,6.901,6.906000000000001,6.882000000000001,6.981,6.912,6.945,6.898000000000001,6.871,6.98,6.984,7.0520000000000005,7.03,6.993,6.9590000000000005,6.94,6.962,6.981,6.95,7.002000000000001,6.953,6.939,6.985,6.9750000000000005,6.987,6.989,6.995,6.945,6.948,6.936,6.8500000000000005,6.954000000000001,6.993,7.962,7.947,7.936999999999999,7.952,7.85,7.926,7.912999999999999,7.922,7.962,7.8069999999999995,7.888999999999999,8.009,17.951,17.932000000000002,17.949,17.946,17.949,17.891000000000002,17.967000000000002,17.958000000000002,17.879,17.896,17.932000000000002,17.909,17.936,17.909,17.991,17.869,17.952,17.885,17.903000000000002,17.919,17.907,17.957,17.891000000000002,17.865000000000002,17.925,17.933,17.907,17.892,17.936,17.923000000000002,17.95,17.94
0.0,0.0,6.45,7.43,17.3,7.921,0.0,0.0,0.0,0.0,0.0,0.0,0.0,0.0,0.0,0.0,0.0,0.0,0.0,0.0,6.9670000000000005,6.913,6.890000000000001,6.885,6.942,7.0120000000000005,6.98,6.936,6.952,6.979,6.918,6.962,6.95,6.913,6.972,6.913,6.961,6.901,6.906000000000001,6.882000000000001,6.981,6.912,6.945,6.898000000000001,6.871,6.98,6.984,7.0520000000000005,7.03,6.993,6.9590000000000005,6.94,6.962,6.981,6.95,7.002000000000001,6.953,6.939,6.985,6.9750000000000005,6.987,6.989,6.995,6.945,6.948,6.936,6.8500000000000005,6.954000000000001,6.993,7.962,7.947,7.936999999999999,7.952,7.85,7.926,7.912999999999999,7.922,7.962,7.8069999999999995,7.888999999999999,8.009,17.951,17.932000000000002,17.949,17.946,17.949,17.891000000000002,17.967000000000002,17.958000000000002,17.879,17.896,17.932000000000002,17.909,17.936,17.909,17.991,17.869,17.952,17.885,17.903000000000002,17.919,17.907,17.957,17.891000000000002,17.865000000000002,17.925,17.933,17.907,17.892,17.936,17.923000000000002,17.95,17.94
0.0,0.0,6.45,7.43,17.3,7.279,0.0,0.0,0.0,0.0,0.0,0.0,0.0,0.0,0.0,0.0,0.0,0.0,0.0,0.0,6.9670000000000005,6.913,6.890000000000001,6.885,6.942,7.0120000000000005,6.98,6.936,6.952,6.979,6.918,6.962,6.95,6.913,6.972,6.913,6.961,6.901,6.906000000000001,6.882000000000001,6.981,6.912,6.945,6.898000000000001,6.871,6.98,6.984,7.0520000000000005,7.03,6.993,6.9590000000000005,6.94,6.962,6.981,6.95,7.002000000000001,6.953,6.939,6.985,6.9750000000000005,6.987,6.989,6.995,6.945,6.948,6.936,6.8500000000000005,6.954000000000001,6.993,7.962,7.947,7.936999999999999,7.952,7.85,7.926,7.912999999999999,7.922,7.962,7.8069999999999995,7.888999999999999,8.009,17.951,17.932000000000002,17.949,17.946,17.949,17.891000000000002,17.967000000000002,17.958000000000002,17.879,17.896,17.932000000000002,17.909,17.936,17.909,17.991,17.869,17.952,17.885,17.903000000000002,17.919,17.907,17.957,17.891000000000002,17.865000000000002,17.925,17.933,17.907,17.892,17.936,17.923000000000002,17.95,17.94
0.0,0.0,6.45,7.43,17.3,7.6,0.0,0.0,0.0,0.0,0.0,0.0,0.0,0.0,0.0,0.0,0.0,0.0,0.0,0.0,6.9670000000000005,6.913,6.890000000000001,6.885,6.942,7.0120000000000005,6.98,6.936,6.952,6.979,6.918,6.962,6.95,6.913,6.972,6.913,6.961,6.901,6.906000000000001,6.882000000000001,6.981,6.912,6.945,6.898000000000001,6.871,6.98,6.984,7.0520000000000005,7.03,6.993,6.9590000000000005,6.94,6.962,6.981,6.95,7.002000000000001,6.953,6.939,6.985,6.9750000000000005,6.987,6.989,6.995,6.945,6.948,6.936,6.8500000000000005,6.954000000000001,6.993,7.962,7.947,7.936999999999999,7.952,7.85,7.926,7.912999999999999,7.922,7.962,7.8069999999999995,7.888999999999999,8.009,17.951,17.932000000000002,17.949,17.946,17.949,17.891000000000002,17.967000000000002,17.958000000000002,17.879,17.896,17.932000000000002,17.909,17.936,17.909,17.991,17.869,17.952,17.885,17.903000000000002,17.919,17.907,17.957,17.891000000000002,17.865000000000002,17.925,17.933,17.907,17.892,17.936,17.923000000000002,17.95,17.94
0.0,0.0,6.45,7.43,17.3,9.199,0.0,0.0,0.0,0.0,0.0,0.0,0.0,0.0,0.0,0.0,0.0,0.0,0.0,0.0,6.9670000000000005,6.913,6.890000000000001,6.885,6.942,7.0120000000000005,6.98,6.936,6.952,6.979,6.918,6.962,6.95,6.913,6.972,6.913,6.961,6.901,6.906000000000001,6.882000000000001,6.981,6.912,6.945,6.898000000000001,6.871,6.98,6.984,7.0520000000000005,7.03,6.993,6.9590000000000005,6.94,6.962,6.981,6.95,7.002000000000001,6.953,6.939,6.985,6.9750000000000005,6.987,6.989,6.995,6.945,6.948,6.936,6.8500000000000005,6.954000000000001,6.993,7.962,7.947,7.936999999999999,7.952,7.85,7.926,7.912999999999999,7.922,7.962,7.8069999999999995,7.888999999999999,8.009,17.951,17.932000000000002,17.949,17.946,17.949,17.891000000000002,17.967000000000002,17.958000000000002,17.879,17.896,17.932000000000002,17.909,17.936,17.909,17.991,17.869,17.952,17.885,17.903000000000002,17.919,17.907,17.957,17.891000000000002,17.865000000000002,17.925,17.933,17.907,17.892,17.936,17.923000000000002,17.95,17.94
0.0,0.0,6.45,7.43,17.3,6.967,0.0,0.0,0.0,0.0,0.0,0.0,0.0,0.0,0.0,0.0,0.0,0.0,0.0,0.0,6.9670000000000005,6.913,6.890000000000001,6.885,6.942,7.0120000000000005,6.98,6.936,6.952,6.979,6.918,6.962,6.95,6.913,6.972,6.913,6.961,6.901,6.906000000000001,6.882000000000001,6.981,6.912,6.945,6.898000000000001,6.871,6.98,6.984,7.0520000000000005,7.03,6.993,6.9590000000000005,6.94,6.962,6.981,6.95,7.002000000000001,6.953,6.939,6.985,6.9750000000000005,6.987,6.989,6.995,6.945,6.948,6.936,6.8500000000000005,6.954000000000001,6.993,7.962,7.947,7.936999999999999,7.952,7.85,7.926,7.912999999999999,7.922,7.962,7.8069999999999995,7.888999999999999,8.009,17.951,17.932000000000002,17.949,17.946,17.949,17.891000000000002,17.967000000000002,17.958000000000002,17.879,17.896,17.932000000000002,17.909,17.936,17.909,17.991,17.869,17.952,17.885,17.903000000000002,17.919,17.907,17.957,17.891000000000002,17.865000000000002,17.925,17.933,17.907,17.892,17.936,17.923000000000002,17.95,17.94
0.0,0.0,6.45,7.43,17.3,8.569,0.0,0.0,0.0,0.0,0.0,0.0,0.0,0.0,0.0,0.0,0.0,0.0,0.0,0.0,6.9670000000000005,6.913,6.890000000000001,6.885,6.942,7.0120000000000005,6.98,6.936,6.952,6.979,6.918,6.962,6.95,6.913,6.972,6.913,6.961,6.901,6.906000000000001,6.882000000000001,6.981,6.912,6.945,6.898000000000001,6.871,6.98,6.984,7.0520000000000005,7.03,6.993,6.9590000000000005,6.94,6.962,6.981,6.95,7.002000000000001,6.953,6.939,6.985,6.9750000000000005,6.987,6.989,6.995,6.945,6.948,6.936,6.8500000000000005,6.954000000000001,6.993,7.962,7.947,7.936999999999999,7.952,7.85,7.926,7.912999999999999,7.922,7.962,7.8069999999999995,7.888999999999999,8.009,17.951,17.932000000000002,17.949,17.946,17.949,17.891000000000002,17.967000000000002,17.958000000000002,17.879,17.896,17.932000000000002,17.909,17.936,17.909,17.991,17.869,17.952,17.885,17.903000000000002,17.919,17.907,17.957,17.891000000000002,17.865000000000002,17.925,17.933,17.907,17.892,17.936,17.923000000000002,17.95,17.94
0.0,0.0,6.45,7.43,17.3,8.562,0.0,0.0,0.0,0.0,0.0,0.0,0.0,0.0,0.0,0.0,0.0,0.0,0.0,0.0,6.9670000000000005,6.913,6.890000000000001,6.885,6.942,7.0120000000000005,6.98,6.936,6.952,6.979,6.918,6.962,6.95,6.913,6.972,6.913,6.961,6.901,6.906000000000001,6.882000000000001,6.981,6.912,6.945,6.898000000000001,6.871,6.98,6.984,7.0520000000000005,7.03,6.993,6.9590000000000005,6.94,6.962,6.981,6.95,7.002000000000001,6.953,6.939,6.985,6.9750000000000005,6.987,6.989,6.995,6.945,6.948,6.936,6.8500000000000005,6.954000000000001,6.993,7.962,7.947,7.936999999999999,7.952,7.85,7.926,7.912999999999999,7.922,7.962,7.8069999999999995,7.888999999999999,8.009,17.951,17.932000000000002,17.949,17.946,17.949,17.891000000000002,17.967000000000002,17.958000000000002,17.879,17.896,17.932000000000002,17.909,17.936,17.909,17.991,17.869,17.952,17.885,17.903000000000002,17.919,17.907,17.957,17.891000000000002,17.865000000000002,17.925,17.933,17.907,17.892,17.936,17.923000000000002,17.95,17.94
0.0,0.0,6.45,7.43,17.3,9.521,0.0,0.0,0.0,0.0,0.0,0.0,0.0,0.0,0.0,0.0,0.0,0.0,0.0,0.0,6.9670000000000005,6.913,6.890000000000001,6.885,6.942,7.0120000000000005,6.98,6.936,6.952,6.979,6.918,6.962,6.95,6.913,6.972,6.913,6.961,6.901,6.906000000000001,6.882000000000001,6.981,6.912,6.945,6.898000000000001,6.871,6.98,6.984,7.0520000000000005,7.03,6.993,6.9590000000000005,6.94,6.962,6.981,6.95,7.002000000000001,6.953,6.939,6.985,6.9750000000000005,6.987,6.989,6.995,6.945,6.948,6.936,6.8500000000000005,6.954000000000001,6.993,7.962,7.947,7.936999999999999,7.952,7.85,7.926,7.912999999999999,7.922,7.962,7.8069999999999995,7.888999999999999,8.009,17.951,17.932000000000002,17.949,17.946,17.949,17.891000000000002,17.967000000000002,17.958000000000002,17.879,17.896,17.932000000000002,17.909,17.936,17.909,17.991,17.869,17.952,17.885,17.903000000000002,17.919,17.907,17.957,17.891000000000002,17.865000000000002,17.925,17.933,17.907,17.892,17.936,17.923000000000002,17.95,17.94
0.0,0.0,6.45,7.43,17.3,8.881,0.0,0.0,0.0,0.0,0.0,0.0,0.0,0.0,0.0,0.0,0.0,0.0,0.0,0.0,6.9670000000000005,6.913,6.890000000000001,6.885,6.942,7.0120000000000005,6.98,6.936,6.952,6.979,6.918,6.962,6.95,6.913,6.972,6.913,6.961,6.901,6.906000000000001,6.882000000000001,6.981,6.912,6.945,6.898000000000001,6.871,6.98,6.984,7.0520000000000005,7.03,6.993,6.9590000000000005,6.94,6.962,6.981,6.95,7.002000000000001,6.953,6.939,6.985,6.9750000000000005,6.987,6.989,6.995,6.945,6.948,6.936,6.8500000000000005,6.954000000000001,6.993,7.962,7.947,7.936999999999999,7.952,7.85,7.926,7.912999999999999,7.922,7.962,7.8069999999999995,7.888999999999999,8.009,17.951,17.932000000000002,17.949,17.946,17.949,17.891000000000002,17.967000000000002,17.958000000000002,17.879,17.896,17.932000000000002,17.909,17.936,17.909,17.991,17.869,17.952,17.885,17.903000000000002,17.919,17.907,17.957,17.891000000000002,17.865000000000002,17.925,17.933,17.907,17.892,17.936,17.923000000000002,17.95,17.94
0.0,0.0,6.45,7.43,17.3,14.244,0.0,0.0,0.0,0.0,0.0,0.0,0.0,0.0,0.0,0.0,0.0,0.0,0.0,0.0,6.9670000000000005,6.913,6.890000000000001,6.885,6.942,7.0120000000000005,6.98,6.936,6.952,6.979,6.918,6.962,6.95,6.913,6.972,6.913,6.961,6.901,6.906000000000001,6.882000000000001,6.981,6.912,6.945,6.898000000000001,6.871,6.98,6.984,7.0520000000000005,7.03,6.993,6.9590000000000005,6.94,6.962,6.981,6.95,7.002000000000001,6.953,6.939,6.985,6.9750000000000005,6.987,6.989,6.995,6.945,6.948,6.936,6.8500000000000005,6.954000000000001,6.993,7.962,7.947,7.936999999999999,7.952,7.85,7.926,7.912999999999999,7.922,7.962,7.8069999999999995,7.888999999999999,8.009,17.951,17.932000000000002,17.949,17.946,17.949,17.891000000000002,17.967000000000002,17.958000000000002,17.879,17.896,17.932000000000002,17.909,17.936,17.909,17.991,17.869,17.952,17.885,17.903000000000002,17.919,17.907,17.957,17.891000000000002,17.865000000000002,17.925,17.933,17.907,17.892,17.936,17.923000000000002,17.95,17.94
13.417,6.9670000000000005,0.517,2.357,16.117,6.9670000000000005,6.9670000000000005,6.9670000000000005,6.9670000000000005,6.9670000000000005,6.9670000000000005,6.9670000000000005,6.9670000000000005,6.9670000000000005,6.9670000000000005,6.9670000000000005,6.9670000000000005,6.9670000000000005,6.9670000000000005,6.9670000000000005,0.0,19.575,7.606,51.682,40.347,18.052,12.854,31.197,9.145,19.018,25.279,29.969,7.279,39.415,10.219,43.267,61.687,12.385,6.326,44.664,78.597,14.604,35.311,57.426,57.149,9.519,9.088,75.862,26.415,14.041,9.695,44.593,50.492,38.024,71.365,31.234,57.935,46.132,13.492,10.426,9.801,8.561,21.718,36.613,43.154,7.279,8.419,36.754,46.621,2.8890000000000002,2.874,2.8640000000000003,2.8790000000000004,2.777,2.853,2.8400000000000003,2.849,2.8890000000000002,2.734,2.8160000000000003,2.936,16.768,16.749000000000002,16.766000000000002,16.763,16.766000000000002,16.708000000000002,16.784000000000002,16.775000000000002,16.696,16.713,16.749000000000002,16.726,16.753,16.726,16.808,16.686,16.769000000000002,16.702,16.720000000000002,16.736,16.724,16.774,16.708000000000002,16.682000000000002,16.742,16.75,16.724,16.709,16.753,16.740000000000002,16.767,16.757
13.363,6.913,0.463,2.303,16.063,6.913,6.913,6.913,6.913,6.913,6.913,6.913,6.913,6.913,6.913,6.913,6.913,6.913,6.913,6.913,19.575,0.0,48.248,14.923,16.187,19.393,13.983,8.944,23.796,7.728,8.862,8.24,38.168,11.573,79.249,22.073,13.833,14.391,69.426,8.783,8.89,22.893,9.234,12.532,7.92,22.781,65.744,9.201,10.947,10.088,10.229,13.838,17.791,17.918,8.879,18.252,22.905,9.343,12.362,9.201,8.746,10.408,22.903,33.825,8.88,20.152,55.457,9.827,7.92,2.835,2.82,2.81,2.825,2.723,2.799,2.786,2.795,2.835,2.6799999999999997,2.762,2.8819999999999997,16.714,16.695,16.712,16.709,16.712,16.654,16.73,16.721,16.642,16.659,16.695,16.671999999999997,16.698999999999998,16.671999999999997,16.753999999999998,16.631999999999998,16.715,16.648,16.666,16.682,16.669999999999998,16.72,16.654,16.628,16.688,16.695999999999998,16.669999999999998,16.654999999999998,16.698999999999998,16.686,16.712999999999997,16.703
13.34,6.890000000000001,0.44,2.2800000000000002,16.04,6.890000000000001,6.890000000000001,6.890000000000001,6.890000000000001,6.890000000000001,6.890000000000001,6.890000000000001,6.890000000000001,6.890000000000001,6.890000000000001,6.890000000000001,6.890000000000001,6.890000000000001,6.890000000000001,6.890000000000001,7.606,48.248,0.0,66.684,10.482,11.731,10.48,38.073,21.055,10.893,23.36,9.751,29.111,14.452,9.732,26.241,7.878,9.399,32.361,7.281,8.24,8.247,33.633,8.692,7.92,9.523,8.699,8.099,9.203,18.892,9.581,7.935,7.28,11.252,7.901,34.773,19.209,34.901,9.311,9.976,9.466,15.35,10.173,8.354,8.88,37.577,21.305,16.046,21.713,2.8120000000000003,2.797,2.7870000000000004,2.8020000000000005,2.7,2.7760000000000002,2.7630000000000003,2.7720000000000002,2.8120000000000003,2.657,2.7390000000000003,2.859,16.691,16.672,16.689,16.686,16.689,16.631,16.707,16.698,16.619,16.636,16.672,16.649,16.676,16.649,16.730999999999998,16.608999999999998,16.692,16.625,16.643,16.659,16.647,16.697,16.631,16.605,16.665,16.673,16.647,16.631999999999998,16.676,16.663,16.689999999999998,16.68
13.335,6.885,0.435,2.275,16.035,6.885,6.885,6.885,6.885,6.885,6.885,6.885,6.885,6.885,6.885,6.885,6.885,6.885,6.885,6.885,51.682,14.923,66.684,0.0,35.023,13.307,10.48,14.217,7.303,10.438,12.674,17.146,8.222,19.066,10.935,7.606,7.28,29.94,14.306,8.562,12.54,6.959,10.613,8.946,21.118,25.136,18.425,22.079,9.963,13.673,32.622,9.786,9.203,8.699,33.359,10.613,16.644,8.88,12.214,8.693,54.194,17.584,9.201,6.96,17.966,10.747,9.84,12.765,7.28,2.807,2.792,2.782,2.7969999999999997,2.695,2.771,2.758,2.767,2.807,2.652,2.734,2.854,16.686,16.667,16.684,16.681,16.684,16.626,16.702,16.693,16.614,16.631,16.667,16.644,16.671,16.644,16.726,16.604,16.687,16.62,16.638,16.654,16.642,16.692,16.626,16.6,16.66,16.668,16.642,16.627,16.671,16.658,16.685,16.675
13.392,6.942,0.492,2.332,16.092,6.942,6.942,6.942,6.942,6.942,6.942,6.942,6.942,6.942,6.942,6.942,6.942,6.942,6.942,6.942,40.347,16.187,10.482,35.023,0.0,8.24,21.898,8.053,9.499,22.782,9.841,11.979,15.3,17.043,22.672,8.241,20.674,26.335,17.528,10.851,7.6,7.599,9.84,19.074,8.356,11.253,6.992,9.2,13.99,7.28,33.331,8.245,6.326,19.518,10.136,8.933,9.472,9.84,8.579,6.64,7.844,13.306,7.606,7.295,6.645,6.326,8.56,7.606,7.286,2.864,2.8489999999999998,2.839,2.854,2.752,2.828,2.815,2.824,2.864,2.7089999999999996,2.791,2.9109999999999996,16.743,16.724,16.741,16.738,16.741,16.683,16.759,16.75,16.671,16.688,16.724,16.701,16.727999999999998,16.701,16.782999999999998,16.660999999999998,16.744,16.677,16.695,16.711,16.698999999999998,16.749,16.683,16.657,16.717,16.724999999999998,16.698999999999998,16.683999999999997,16.727999999999998,16.715,16.741999999999997,16.732
13.462,7.0120000000000005,0.562,2.402,16.162,7.0120000000000005,7.0120000000000005,7.0120000000000005,7.0120000000000005,7.0120000000000005,7.0120000000000005,7.0120000000000005,7.0120000000000005,7.0120000000000005,7.0120000000000005,7.0120000000000005,7.0120000000000005,7.0120000000000005,7.0120000000000005,7.0120000000000005,18.052,19.393,11.731,13.307,8.24,0.0,11.269,23.36,7.289,8.5,8.88,12.124,11.82,11.079,12.986,8.561,25.426,7.92,8.759,8.107,8.881,8.559,11.892,8.278,7.279,6.966,12.666,7.28,8.56,8.24,34.402,9.009,17.844,15.092,8.246,13.189,6.959,9.521,11.253,8.24,23.056,9.013,6.96,8.178,6.965,7.28,9.84,9.908,8.246,2.934,2.919,2.9090000000000003,2.9240000000000004,2.822,2.898,2.8850000000000002,2.894,2.934,2.779,2.861,2.981,16.813,16.794,16.811,16.808,16.811,16.753,16.829,16.82,16.741,16.758,16.794,16.771,16.798,16.771,16.852999999999998,16.730999999999998,16.814,16.747,16.765,16.781,16.769,16.819,16.753,16.727,16.787,16.794999999999998,16.769,16.753999999999998,16.798,16.785,16.811999999999998,16.802
13.43,6.98,0.53,2.37,16.13,6.98,6.98,6.98,6.98,6.98,6.98,6.98,6.98,6.98,6.98,6.98,6.98,6.98,6.98,6.98,12.854,13.983,10.48,10.48,21.898,11.269,0.0,9.654,7.319,8.24,8.241,12.936,12.213,7.286,30.961,8.881,25.962,14.907,11.259,7.607,9.521,8.24,6.325,15.536,8.559,11.258,32.772,17.919,8.24,7.433,6.966,6.966,15.387,10.126,15.412,8.978,8.239,8.56,8.88,9.52,13.59,8.02,8.24,8.56,8.56,22.301,10.613,11.892,6.959,2.902,2.887,2.8770000000000002,2.8920000000000003,2.79,2.866,2.853,2.862,2.902,2.747,2.829,2.949,16.781,16.762,16.779,16.776,16.779,16.721,16.797,16.788,16.709,16.726,16.762,16.738999999999997,16.766,16.738999999999997,16.820999999999998,16.698999999999998,16.782,16.715,16.733,16.749,16.737,16.787,16.721,16.695,16.755,16.762999999999998,16.737,16.721999999999998,16.766,16.753,16.779999999999998,16.77
13.386000000000001,6.936,0.486,2.326,16.086,6.936,6.936,6.936,6.936,6.936,6.936,6.936,6.936,6.936,6.936,6.936,6.936,6.936,6.936,6.936,31.197,8.944,38.073,14.217,8.053,23.36,9.654,0.0,6.012,21.969,7.287,7.921,12.584,7.279,23.502,7.607,8.889,7.139,20.846,8.241,9.52,21.251,16.324,13.492,8.559,6.645,7.286,8.88,9.199,8.24,14.7,10.07,17.486,12.507,7.926,7.929,8.559,8.239,23.998,9.52,33.091,30.211,8.569,21.501,9.347,8.88,8.259,7.279,6.646,2.858,2.843,2.833,2.848,2.746,2.822,2.809,2.818,2.858,2.7030000000000003,2.785,2.9050000000000002,16.737,16.718,16.735,16.732,16.735,16.677,16.753,16.744,16.665,16.682,16.718,16.695,16.721999999999998,16.695,16.776999999999997,16.654999999999998,16.738,16.671,16.689,16.705,16.692999999999998,16.743,16.677,16.651,16.711,16.718999999999998,16.692999999999998,16.677999999999997,16.721999999999998,16.709,16.735999999999997,16.726
13.402000000000001,6.952,0.502,2.342,16.102,6.952,6.952,6.952,6.952,6.952,6.952,6.952,6.952,6.952,6.952,6.952,6.952,6.952,6.952,6.952,9.145,23.796,21.055,7.303,9.499,7.289,7.319,6.012,0.0,7.45,6.012,9.2,6.966,12.855,12.346,9.2,28.8,11.573,7.64,9.201,7.925,10.479,23.999,12.853,7.28,6.966,8.246,8.24,7.296,10.212,8.246,18.355,9.333,13.016,11.901,7.844,8.239,7.606,38.312,6.646,7.658,11.899,8.248,12.532,8.559,12.006,26.0,8.246,7.606,2.874,2.859,2.849,2.864,2.762,2.838,2.825,2.834,2.874,2.7190000000000003,2.801,2.9210000000000003,16.753,16.734,16.751,16.748,16.751,16.693,16.769000000000002,16.76,16.681,16.698,16.734,16.711,16.738,16.711,16.793,16.671,16.754,16.687,16.705000000000002,16.721,16.709,16.759,16.693,16.667,16.727,16.735,16.709,16.694,16.738,16.725,16.752,16.742
13.429,6.979,0.529,2.369,16.129,6.979,6.979,6.979,6.979,6.979,6.979,6.979,6.979,6.979,6.979,6.979,6.979,6.979,6.979,6.979,19.018,7.728,10.893,10.438,22.782,8.5,8.24,21.969,7.45,0.0,7.92,8.88,9.199,9.52,7.288,8.241,7.607,22.141,9.2,9.521,7.919,8.879,8.239,10.293,9.84,23.225,12.114,7.609,6.965,8.69,9.52,8.035,8.246,12.852,7.921,9.52,9.849,7.601,10.933,9.527,7.286,6.641,6.011,7.919,7.926,7.691,8.742,10.998,10.293,2.9010000000000002,2.886,2.8760000000000003,2.891,2.789,2.865,2.8520000000000003,2.861,2.9010000000000002,2.7460000000000004,2.8280000000000003,2.9480000000000004,16.78,16.761000000000003,16.778000000000002,16.775000000000002,16.778000000000002,16.720000000000002,16.796000000000003,16.787000000000003,16.708000000000002,16.725,16.761000000000003,16.738,16.765,16.738,16.82,16.698,16.781000000000002,16.714000000000002,16.732000000000003,16.748,16.736,16.786,16.720000000000002,16.694000000000003,16.754,16.762,16.736,16.721,16.765,16.752000000000002,16.779,16.769000000000002
13.368,6.918,0.468,2.3080000000000003,16.068,6.918,6.918,6.918,6.918,6.918,6.918,6.918,6.918,6.918,6.918,6.918,6.918,6.918,6.918,6.918,25.279,8.862,23.36,12.674,9.841,8.88,8.241,7.287,6.012,7.92,0.0,9.2,19.518,10.612,7.584,8.888,8.239,7.599,8.559,7.6,8.559,9.519,7.285,8.24,9.52,8.24,7.279,8.559,6.464,8.239,9.839,7.28,25.133,11.594,11.001,7.928,8.559,8.559,13.812,6.965,7.416,10.993,6.966,8.879,9.199,10.933,9.333,8.879,10.16,2.8400000000000003,2.825,2.8150000000000004,2.83,2.728,2.8040000000000003,2.7910000000000004,2.8000000000000003,2.8400000000000003,2.6850000000000005,2.7670000000000003,2.8870000000000005,16.719,16.700000000000003,16.717000000000002,16.714000000000002,16.717000000000002,16.659000000000002,16.735000000000003,16.726000000000003,16.647000000000002,16.664,16.700000000000003,16.677,16.704,16.677,16.759,16.637,16.720000000000002,16.653000000000002,16.671000000000003,16.687,16.675,16.725,16.659000000000002,16.633000000000003,16.693,16.701,16.675,16.66,16.704,16.691000000000003,16.718,16.708000000000002
13.412,6.962,0.512,2.3520000000000003,16.112,6.962,6.962,6.962,6.962,6.962,6.962,6.962,6.962,6.962,6.962,6.962,6.962,6.962,6.962,6.962,29.969,8.24,9.751,17.146,11.979,12.124,12.936,7.921,9.2,8.88,9.2,0.0,10.469,7.605,8.056,6.648,10.879,7.28,6.826,7.927,9.52,8.559,8.239,12.213,7.92,7.92,8.88,10.168,24.054,8.611,7.92,8.56,8.88,11.573,19.395,9.84,7.6,6.959,28.713,7.286,8.879,7.6,7.28,9.84,8.561,9.67,20.622,18.751,23.226,2.8840000000000003,2.869,2.8590000000000004,2.8740000000000006,2.7720000000000002,2.8480000000000003,2.8350000000000004,2.8440000000000003,2.8840000000000003,2.729,2.8110000000000004,2.931,16.762999999999998,16.744,16.761,16.758,16.761,16.703,16.779,16.77,16.691,16.708,16.744,16.720999999999997,16.747999999999998,16.720999999999997,16.802999999999997,16.680999999999997,16.764,16.697,16.715,16.730999999999998,16.718999999999998,16.769,16.703,16.677,16.737,16.744999999999997,16.718999999999998,16.703999999999997,16.747999999999998,16.735,16.761999999999997,16.752
13.4,6.95,0.5,2.34,16.1,6.95,6.95,6.95,6.95,6.95,6.95,6.95,6.95,6.95,6.95,6.95,6.95,6.95,6.95,6.95,7.279,38.168,29.111,8.222,15.3,11.82,12.213,12.584,6.966,9.199,19.518,10.469,0.0,13.813,8.24,8.24,6.654,10.747,10.614,8.889,9.849,9.84,31.491,28.775,9.519,8.56,8.56,7.599,6.645,6.959,6.646,6.96,8.932,10.613,7.919,6.966,7.795,8.559,9.054,7.919,20.254,15.865,8.053,8.559,9.2,9.839,10.114,6.012,19.198,2.872,2.8569999999999998,2.847,2.862,2.76,2.836,2.823,2.832,2.872,2.7169999999999996,2.799,2.9189999999999996,16.751,16.732000000000003,16.749000000000002,16.746000000000002,16.749000000000002,16.691000000000003,16.767000000000003,16.758000000000003,16.679000000000002,16.696,16.732000000000003,16.709000000000003,16.736,16.709000000000003,16.791,16.669,16.752000000000002,16.685000000000002,16.703000000000003,16.719,16.707,16.757,16.691000000000003,16.665000000000003,16.725,16.733,16.707,16.692,16.736,16.723000000000003,16.75,16.740000000000002
13.363,6.913,0.463,2.303,16.063,6.913,6.913,6.913,6.913,6.913,6.913,6.913,6.913,6.913,6.913,6.913,6.913,6.913,6.913,6.913,39.415,11.573,14.452,19.066,17.043,11.079,7.286,7.279,12.855,9.52,10.612,7.605,13.813,0.0,12.587,6.961,9.333,9.84,8.644,9.2,8.245,8.88,12.222,7.6,8.88,8.56,9.199,7.605,36.726,7.6,6.639,9.209,24.583,12.852,7.294,30.073,8.239,7.412,7.926,8.56,37.891,35.784,9.521,9.2,8.241,9.859,8.817,7.286,9.519,2.835,2.82,2.81,2.825,2.723,2.799,2.786,2.795,2.835,2.6799999999999997,2.762,2.8819999999999997,16.714,16.695,16.712,16.709,16.712,16.654,16.73,16.721,16.642,16.659,16.695,16.671999999999997,16.698999999999998,16.671999999999997,16.753999999999998,16.631999999999998,16.715,16.648,16.666,16.682,16.669999999999998,16.72,16.654,16.628,16.688,16.695999999999998,16.669999999999998,16.654999999999998,16.698999999999998,16.686,16.712999999999997,16.703
13.422,6.972,0.522,2.362,16.122,6.972,6.972,6.972,6.972,6.972,6.972,6.972,6.972,6.972,6.972,6.972,6.972,6.972,6.972,6.972,10.219,79.249,9.732,10.935,22.672,12.986,30.961,23.502,12.346,7.288,7.584,8.056,8.24,12.587,0.0,8.247,16.647,10.886,10.053,7.927,9.839,7.92,9.521,6.011,8.245,7.286,6.96,6.326,7.92,8.403,9.2,9.846,34.308,8.89,7.279,10.056,12.985,11.252,7.606,8.56,8.56,7.92,8.881,9.957,9.484,14.453,7.6,6.959,10.933,2.894,2.879,2.869,2.8840000000000003,2.782,2.858,2.845,2.854,2.894,2.739,2.821,2.941,16.773,16.754,16.771,16.768,16.771,16.713,16.789,16.78,16.701,16.718,16.754,16.731,16.758,16.731,16.813,16.691,16.774,16.707,16.725,16.741,16.729,16.779,16.713,16.687,16.747,16.755,16.729,16.714,16.758,16.745,16.772,16.762
13.363,6.913,0.463,2.303,16.063,6.913,6.913,6.913,6.913,6.913,6.913,6.913,6.913,6.913,6.913,6.913,6.913,6.913,6.913,6.913,43.267,22.073,26.241,7.606,8.241,8.561,8.881,7.607,9.2,8.241,8.888,6.648,8.24,6.961,8.247,0.0,8.88,8.203,12.347,8.57,8.881,6.639,36.424,21.952,8.56,12.734,7.288,6.967,7.099,8.996,9.2,8.88,8.177,13.0,9.364,9.996,7.286,7.885,7.92,34.426,14.772,8.879,6.326,8.882,7.935,10.054,9.84,8.88,12.533,2.835,2.82,2.81,2.825,2.723,2.799,2.786,2.795,2.835,2.6799999999999997,2.762,2.8819999999999997,16.714,16.695,16.712,16.709,16.712,16.654,16.73,16.721,16.642,16.659,16.695,16.671999999999997,16.698999999999998,16.671999999999997,16.753999999999998,16.631999999999998,16.715,16.648,16.666,16.682,16.669999999999998,16.72,16.654,16.628,16.688,16.695999999999998,16.669999999999998,16.654999999999998,16.698999999999998,16.686,16.712999999999997,16.703
13.411,6.961,0.511,2.351,16.111,6.961,6.961,6.961,6.961,6.961,6.961,6.961,6.961,6.961,6.961,6.961,6.961,6.961,6.961,6.961,61.687,13.833,7.878,7.28,20.674,25.426,25.962,8.889,28.8,7.607,8.239,10.879,6.654,9.333,16.647,8.88,0.0,38.142,8.24,9.719,6.646,8.559,10.918,6.641,8.56,7.919,6.965,7.285,11.94,9.587,9.199,9.207,23.159,12.212,7.919,22.724,7.28,7.92,7.92,13.492,14.392,8.248,6.965,10.479,8.88,9.624,9.888,9.2,33.598,2.883,2.868,2.858,2.873,2.771,2.847,2.834,2.843,2.883,2.7279999999999998,2.81,2.9299999999999997,16.762,16.743000000000002,16.76,16.757,16.76,16.702,16.778000000000002,16.769000000000002,16.69,16.707,16.743000000000002,16.72,16.747,16.72,16.802,16.68,16.763,16.696,16.714000000000002,16.73,16.718,16.768,16.702,16.676000000000002,16.736,16.744,16.718,16.703,16.747,16.734,16.761,16.751
13.351,6.901,0.451,2.291,16.051,6.901,6.901,6.901,6.901,6.901,6.901,6.901,6.901,6.901,6.901,6.901,6.901,6.901,6.901,6.901,12.385,14.391,9.399,29.94,26.335,7.92,14.907,7.139,11.573,22.141,7.599,7.28,10.747,9.84,10.886,8.203,38.142,0.0,9.21,10.05,8.24,7.6,12.533,10.293,9.84,6.646,6.011,8.56,6.647,10.815,6.021,7.28,8.561,14.165,7.919,12.836,6.646,11.573,8.246,7.92,7.28,6.64,6.96,10.172,6.326,6.648,9.2,8.24,17.902,2.823,2.808,2.798,2.8129999999999997,2.711,2.787,2.774,2.783,2.823,2.668,2.75,2.87,16.701999999999998,16.683,16.7,16.697,16.7,16.642,16.718,16.709,16.63,16.647,16.683,16.659999999999997,16.686999999999998,16.659999999999997,16.741999999999997,16.619999999999997,16.703,16.636,16.654,16.669999999999998,16.657999999999998,16.708,16.642,16.616,16.676,16.683999999999997,16.657999999999998,16.642999999999997,16.686999999999998,16.674,16.700999999999997,16.691
13.356,6.906000000000001,0.456,2.2960000000000003,16.056,6.906000000000001,6.906000000000001,6.906000000000001,6.906000000000001,6.906000000000001,6.906000000000001,6.906000000000001,6.906000000000001,6.906000000000001,6.906000000000001,6.906000000000001,6.906000000000001,6.906000000000001,6.906000000000001,6.906000000000001,6.326,69.426,32.361,14.306,17.528,8.759,11.259,20.846,7.64,9.2,8.559,6.826,10.614,8.644,10.053,12.347,8.24,9.21,0.0,10.617,8.24,10.495,24.771,9.471,9.199,10.614,7.919,9.2,9.519,9.839,8.247,10.48,8.239,9.839,9.84,6.96,21.555,10.751,7.599,8.24,7.919,7.886,8.239,7.92,8.24,6.012,8.879,7.294,15.225,2.8280000000000003,2.813,2.8030000000000004,2.8180000000000005,2.716,2.7920000000000003,2.7790000000000004,2.7880000000000003,2.8280000000000003,2.673,2.7550000000000003,2.875,16.707,16.688000000000002,16.705000000000002,16.702,16.705000000000002,16.647000000000002,16.723000000000003,16.714000000000002,16.635,16.652,16.688000000000002,16.665,16.692,16.665,16.747,16.625,16.708000000000002,16.641000000000002,16.659000000000002,16.675,16.663,16.713,16.647000000000002,16.621000000000002,16.681,16.689,16.663,16.648,16.692,16.679000000000002,16.706,16.696
13.332,6.882000000000001,0.432,2.2720000000000002,16.032,6.882000000000001,6.882000000000001,6.882000000000001,6.882000000000001,6.882000000000001,6.882000000000001,6.882000000000001,6.882000000000001,6.882000000000001,6.882000000000001,6.882000000000001,6.882000000000001,6.882000000000001,6.882000000000001,6.882000000000001,44.664,8.783,7.281,8.562,10.851,8.107,7.607,8.241,9.201,9.521,7.6,7.927,8.889,9.2,7.927,8.57,9.719,10.05,10.617,0.0,9.839,24.673,10.457,10.005,8.24,9.743,8.523,9.2,7.919,9.933,7.919,9.519,6.967,9.973,10.933,9.785,8.24,7.926,7.921,8.56,6.645,7.92,8.881,6.965,7.28,6.968,6.89,7.599,12.532,2.8040000000000003,2.789,2.7790000000000004,2.7940000000000005,2.692,2.7680000000000002,2.7550000000000003,2.7640000000000002,2.8040000000000003,2.649,2.7310000000000003,2.851,16.683,16.664,16.681,16.678,16.681,16.623,16.699,16.69,16.611,16.628,16.664,16.641,16.668,16.641,16.723,16.601,16.684,16.617,16.635,16.651,16.639,16.689,16.623,16.597,16.657,16.665,16.639,16.624,16.668,16.655,16.682,16.672
13.431000000000001,6.981,0.531,2.371,16.131,6.981,6.981,6.981,6.981,6.981,6.981,6.981,6.981,6.981,6.981,6.981,6.981,6.981,6.981,6.981,78.597,8.89,8.24,12.54,7.6,8.881,9.521,9.52,7.925,7.919,8.559,9.52,9.849,8.245,9.839,8.881,6.646,8.24,8.24,9.839,0.0,11.9,12.533,16.216,9.52,8.559,42.746,9.521,35.044,6.327,7.92,15.412,8.881,12.213,10.558,9.798,33.766,10.182,9.157,19.712,9.519,19.013,7.6,8.02,9.682,9.974,9.52,8.879,16.192,2.903,2.888,2.878,2.893,2.791,2.867,2.854,2.863,2.903,2.748,2.83,2.95,16.782,16.763,16.78,16.777,16.78,16.722,16.798000000000002,16.789,16.71,16.727,16.763,16.740000000000002,16.767,16.740000000000002,16.822,16.7,16.783,16.716,16.734,16.75,16.738,16.788,16.722,16.696,16.756,16.764,16.738,16.723,16.767,16.754,16.781,16.771
