grenoble,lille,paris,saclay,strasbourg,lille_20_m3-1,lille_20_m3-3,lille_20_m3-4,lille_20_m3-5,lille_20_m3-6,lille_20_m3-12,lille_20_m3-13,lille_20_m3-15,lille_20_m3-17,lille_20_m3-18,lille_20_m3-20,lille_20_m3-21,lille_20_m3-22,lille_20_m3-23,paris_m3-4,paris_m3-5,paris_m3-6,paris_m3-7,paris_m3-8,paris_m3-10,paris_m3-11,paris_m3-12,paris_m3-13,paris_m3-14,paris_m3-15,paris_m3-16,paris_m3-17,paris_m3-18,paris_m3-19,paris_m3-20,paris_m3-21,paris_m3-22,paris_m3-23,paris_m3-24,paris_m3-25,paris_m3-26,paris_m3-27,paris_m3-28,paris_m3-31,paris_m3-35,paris_m3-36,paris_m3-37,paris_m3-38,paris_m3-39,paris_m3-40,paris_m3-41,paris_m3-42,paris_m3-43,paris_m3-44,paris_m3-47,paris_m3-48,paris_m3-49,paris_m3-50,paris_m3-51,paris_m3-52,paris_m3-53,paris_m3-55,paris_m3-56,paris_m3-57,paris_m3-60,paris_m3-61,paris_m3-63,paris_m3-64,saclay_m3-1,saclay_m3-2,saclay_m3-3,saclay_m3-4,saclay_m3-5,saclay_m3-6,saclay_m3-7,saclay_m3-8,saclay_m3-9,saclay_m3-10,saclay_m3-11,saclay_m3-12,strasbourg_m3-2,strasbourg_m3-3,strasbourg_m3-6,strasbourg_m3-7,strasbourg_m3-12,strasbourg_m3-13,strasbourg_m3-14,strasbourg_m3-15,strasbourg_m3-18,strasbourg_m3-19,strasbourg_m3-23,strasbourg_m3-25,strasbourg_m3-28,strasbourg_m3-30,strasbourg_m3-31,strasbourg_m3-34,strasbourg_m3-35,strasbourg_m3-38,strasbourg_m3-40,strasbourg_m3-41,strasbourg_m3-42,strasbourg_m3-44,strasbourg_m3-45,strasbourg_m3-46,strasbourg_m3-47,strasbourg_m3-49,strasbourg_m3-51,strasbourg_m3-54,strasbourg_m3-55,strasbourg_m3-58,strasbourg_m3-59,strasbourg_m3-63
0.0,0.0,15.6,12.1,12.8,0.0,0.0,0.0,0.0,0.0,0.0,0.0,0.0,0.0,0.0,0.0,0.0,0.0,0.0,16.114,16.128,16.148,16.144,16.075,16.098,16.133,16.088,16.126,16.1,16.133,16.058,16.137,16.15,16.114,16.134999999999998,16.083,16.112,16.118,16.13,16.076999999999998,16.098,16.137,16.121,16.121,16.064,16.094,16.117,16.148,16.169,16.116,16.128,16.107,16.133,16.07,16.143,16.114,16.128,16.104,16.129,16.102,16.144,16.119,16.072,16.114,16.094,16.099,16.102,16.133,12.629999999999999,12.584999999999999,12.684999999999999,12.546999999999999,12.619,12.575,12.573,12.586,12.523,12.658999999999999,12.77,12.875,13.58,13.459000000000001,13.577,13.505,13.455,13.419,13.515,13.455,13.481000000000002,13.418000000000001,13.548,13.434000000000001,13.436,13.438,13.436,13.407,13.485000000000001,13.482000000000001,13.484,13.511000000000001,13.485000000000001,13.533000000000001,13.496,13.485000000000001,13.499,13.536000000000001,13.425,13.483,13.49,13.509,13.559000000000001,13.438
0.0,0.0,6.54,7.09,17.6,0.0,0.0,0.0,0.0,0.0,0.0,0.0,0.0,0.0,0.0,0.0,0.0,0.0,0.0,7.054,7.068,7.088,7.084,7.015,7.038,7.073,7.0280000000000005,7.066,7.04,7.073,6.998,7.077,7.09,7.054,7.075,7.023,7.052,7.058,7.07,7.017,7.038,7.077,7.061,7.061,7.0040000000000004,7.034,7.057,7.088,7.109,7.056,7.068,7.047,7.073,7.01,7.083,7.054,7.068,7.0440000000000005,7.069,7.042,7.084,7.059,7.0120000000000005,7.054,7.034,7.039,7.042,7.073,7.62,7.575,7.675,7.537,7.609,7.5649999999999995,7.563,7.576,7.513,7.649,7.76,7.865,18.380000000000003,18.259,18.377000000000002,18.305,18.255000000000003,18.219,18.315,18.255000000000003,18.281000000000002,18.218,18.348000000000003,18.234,18.236,18.238000000000003,18.236,18.207,18.285,18.282,18.284000000000002,18.311,18.285,18.333000000000002,18.296000000000003,18.285,18.299000000000003,18.336000000000002,18.225,18.283,18.290000000000003,18.309,18.359,18.238000000000003
15.6,6.54,0.0,1.91,15.6,6.54,6.54,6.54,6.54,6.54,6.54,6.54,6.54,6.54,6.54,6.54,6.54,6.54,6.54,0.514,0.528,0.548,0.544,0.475,0.498,0.533,0.488,0.526,0.5,0.533,0.458,0.537,0.55,0.514,0.535,0.483,0.512,0.518,0.53,0.477,0.498,0.537,0.521,0.521,0.464,0.494,0.517,0.548,0.569,0.516,0.528,0.507,0.533,0.47,0.543,0.514,0.528,0.504,0.529,0.502,0.544,0.519,0.472,0.514,0.494,0.499,0.502,0.533,2.44,2.395,2.495,2.3569999999999998,2.429,2.385,2.383,2.396,2.3329999999999997,2.469,2.58,2.685,16.38,16.259,16.377,16.305,16.255,16.219,16.315,16.255,16.281,16.218,16.348,16.233999999999998,16.236,16.238,16.236,16.207,16.285,16.282,16.284,16.311,16.285,16.333,16.296,16.285,16.299,16.336,16.225,16.283,16.29,16.309,16.358999999999998,16.238
12.1,7.09,1.91,0.0,14.5,7.09,7.09,7.09,7.09,7.09,7.09,7.09,7.09,7.09,7.09,7.09,7.09,7.09,7.09,2.424,2.4379999999999997,2.458,2.4539999999999997,2.385,2.408,2.443,2.3979999999999997,2.436,2.41,2.443,2.368,2.447,2.46,2.424,2.445,2.393,2.4219999999999997,2.428,2.44,2.387,2.408,2.447,2.431,2.431,2.374,2.404,2.427,2.458,2.479,2.426,2.4379999999999997,2.417,2.443,2.38,2.453,2.424,2.4379999999999997,2.4139999999999997,2.439,2.412,2.4539999999999997,2.429,2.3819999999999997,2.424,2.404,2.409,2.412,2.443,0.53,0.485,0.585,0.447,0.519,0.475,0.473,0.486,0.423,0.559,0.67,0.775,15.28,15.159,15.277,15.205,15.155,15.119,15.215,15.155,15.181000000000001,15.118,15.248,15.134,15.136,15.138,15.136,15.107,15.185,15.182,15.184,15.211,15.185,15.233,15.196,15.185,15.199,15.236,15.125,15.183,15.19,15.209,15.259,15.138
12.8,17.6,15.6,14.5,0.0,17.6,17.6,17.6,17.6,17.6,17.6,17.6,17.6,17.6,17.6,17.6,17.6,17.6,17.6,16.114,16.128,16.148,16.144,16.075,16.098,16.133,16.088,16.126,16.1,16.133,16.058,16.137,16.15,16.114,16.134999999999998,16.083,16.112,16.118,16.13,16.076999999999998,16.098,16.137,16.121,16.121,16.064,16.094,16.117,16.148,16.169,16.116,16.128,16.107,16.133,16.07,16.143,16.114,16.128,16.104,16.129,16.102,16.144,16.119,16.072,16.114,16.094,16.099,16.102,16.133,15.03,14.985,15.085,14.947,15.019,14.975,14.973,14.986,14.923,15.059,15.17,15.275,0.78,0.659,0.777,0.705,0.655,0.619,0.715,0.655,0.681,0.618,0.748,0.634,0.636,0.638,0.636,0.607,0.685,0.682,0.684,0.711,0.685,0.733,0.696,0.685,0.699,0.736,0.625,0.683,0.69,0.709,0.759,0.638
0.0,0.0,6.54,7.09,17.6,0.0,7.921,64.032,17.835,22.739,9.199,9.2,6.647,10.179,20.904,13.273,14.583,8.239,18.975,7.054,7.068,7.088,7.084,7.015,7.038,7.073,7.0280000000000005,7.066,7.04,7.073,6.998,7.077,7.09,7.054,7.075,7.023,7.052,7.058,7.07,7.017,7.038,7.077,7.061,7.061,7.0040000000000004,7.034,7.057,7.088,7.109,7.056,7.068,7.047,7.073,7.01,7.083,7.054,7.068,7.0440000000000005,7.069,7.042,7.084,7.059,7.0120000000000005,7.054,7.034,7.039,7.042,7.073,7.62,7.575,7.675,7.537,7.609,7.5649999999999995,7.563,7.576,7.513,7.649,7.76,7.865,18.380000000000003,18.259,18.377000000000002,18.305,18.255000000000003,18.219,18.315,18.255000000000003,18.281000000000002,18.218,18.348000000000003,18.234,18.236,18.238000000000003,18.236,18.207,18.285,18.282,18.284000000000002,18.311,18.285,18.333000000000002,18.296000000000003,18.285,18.299000000000003,18.336000000000002,18.225,18.283,18.290000000000003,18.309,18.359,18.238000000000003
0.0,0.0,6.54,7.09,17.6,7.921,0.0,0.0,0.0,0.0,0.0,0.0,0.0,0.0,0.0,0.0,0.0,0.0,0.0,7.054,7.068,7.088,7.084,7.015,7.038,7.073,7.0280000000000005,7.066,7.04,7.073,6.998,7.077,7.09,7.054,7.075,7.023,7.052,7.058,7.07,7.017,7.038,7.077,7.061,7.061,7.0040000000000004,7.034,7.057,7.088,7.109,7.056,7.068,7.047,7.073,7.01,7.083,7.054,7.068,7.0440000000000005,7.069,7.042,7.084,7.059,7.0120000000000005,7.054,7.034,7.039,7.042,7.073,7.62,7.575,7.675,7.537,7.609,7.5649999999999995,7.563,7.576,7.513,7.649,7.76,7.865,18.380000000000003,18.259,18.377000000000002,18.305,18.255000000000003,18.219,18.315,18.255000000000003,18.281000000000002,18.218,18.348000000000003,18.234,18.236,18.238000000000003,18.236,18.207,18.285,18.282,18.284000000000002,18.311,18.285,18.333000000000002,18.296000000000003,18.285,18.299000000000003,18.336000000000002,18.225,18.283,18.290000000000003,18.309,18.359,18.238000000000003
0.0,0.0,6.54,7.09,17.6,64.032,0.0,0.0,0.0,0.0,0.0,0.0,0.0,0.0,0.0,0.0,0.0,0.0,0.0,7.054,7.068,7.088,7.084,7.015,7.038,7.073,7.0280000000000005,7.066,7.04,7.073,6.998,7.077,7.09,7.054,7.075,7.023,7.052,7.058,7.07,7.017,7.038,7.077,7.061,7.061,7.0040000000000004,7.034,7.057,7.088,7.109,7.056,7.068,7.047,7.073,7.01,7.083,7.054,7.068,7.0440000000000005,7.069,7.042,7.084,7.059,7.0120000000000005,7.054,7.034,7.039,7.042,7.073,7.62,7.575,7.675,7.537,7.609,7.5649999999999995,7.563,7.576,7.513,7.649,7.76,7.865,18.380000000000003,18.259,18.377000000000002,18.305,18.255000000000003,18.219,18.315,18.255000000000003,18.281000000000002,18.218,18.348000000000003,18.234,18.236,18.238000000000003,18.236,18.207,18.285,18.282,18.284000000000002,18.311,18.285,18.333000000000002,18.296000000000003,18.285,18.299000000000003,18.336000000000002,18.225,18.283,18.290000000000003,18.309,18.359,18.238000000000003
0.0,0.0,6.54,7.09,17.6,17.835,0.0,0.0,0.0,0.0,0.0,0.0,0.0,0.0,0.0,0.0,0.0,0.0,0.0,7.054,7.068,7.088,7.084,7.015,7.038,7.073,7.0280000000000005,7.066,7.04,7.073,6.998,7.077,7.09,7.054,7.075,7.023,7.052,7.058,7.07,7.017,7.038,7.077,7.061,7.061,7.0040000000000004,7.034,7.057,7.088,7.109,7.056,7.068,7.047,7.073,7.01,7.083,7.054,7.068,7.0440000000000005,7.069,7.042,7.084,7.059,7.0120000000000005,7.054,7.034,7.039,7.042,7.073,7.62,7.575,7.675,7.537,7.609,7.5649999999999995,7.563,7.576,7.513,7.649,7.76,7.865,18.380000000000003,18.259,18.377000000000002,18.305,18.255000000000003,18.219,18.315,18.255000000000003,18.281000000000002,18.218,18.348000000000003,18.234,18.236,18.238000000000003,18.236,18.207,18.285,18.282,18.284000000000002,18.311,18.285,18.333000000000002,18.296000000000003,18.285,18.299000000000003,18.336000000000002,18.225,18.283,18.290000000000003,18.309,18.359,18.238000000000003
0.0,0.0,6.54,7.09,17.6,22.739,0.0,0.0,0.0,0.0,0.0,0.0,0.0,0.0,0.0,0.0,0.0,0.0,0.0,7.054,7.068,7.088,7.084,7.015,7.038,7.073,7.0280000000000005,7.066,7.04,7.073,6.998,7.077,7.09,7.054,7.075,7.023,7.052,7.058,7.07,7.017,7.038,7.077,7.061,7.061,7.0040000000000004,7.034,7.057,7.088,7.109,7.056,7.068,7.047,7.073,7.01,7.083,7.054,7.068,7.0440000000000005,7.069,7.042,7.084,7.059,7.0120000000000005,7.054,7.034,7.039,7.042,7.073,7.62,7.575,7.675,7.537,7.609,7.5649999999999995,7.563,7.576,7.513,7.649,7.76,7.865,18.380000000000003,18.259,18.377000000000002,18.305,18.255000000000003,18.219,18.315,18.255000000000003,18.281000000000002,18.218,18.348000000000003,18.234,18.236,18.238000000000003,18.236,18.207,18.285,18.282,18.284000000000002,18.311,18.285,18.333000000000002,18.296000000000003,18.285,18.299000000000003,18.336000000000002,18.225,18.283,18.290000000000003,18.309,18.359,18.238000000000003
0.0,0.0,6.54,7.09,17.6,9.199,0.0,0.0,0.0,0.0,0.0,0.0,0.0,0.0,0.0,0.0,0.0,0.0,0.0,7.054,7.068,7.088,7.084,7.015,7.038,7.073,7.0280000000000005,7.066,7.04,7.073,6.998,7.077,7.09,7.054,7.075,7.023,7.052,7.058,7.07,7.017,7.038,7.077,7.061,7.061,7.0040000000000004,7.034,7.057,7.088,7.109,7.056,7.068,7.047,7.073,7.01,7.083,7.054,7.068,7.0440000000000005,7.069,7.042,7.084,7.059,7.0120000000000005,7.054,7.034,7.039,7.042,7.073,7.62,7.575,7.675,7.537,7.609,7.5649999999999995,7.563,7.576,7.513,7.649,7.76,7.865,18.380000000000003,18.259,18.377000000000002,18.305,18.255000000000003,18.219,18.315,18.255000000000003,18.281000000000002,18.218,18.348000000000003,18.234,18.236,18.238000000000003,18.236,18.207,18.285,18.282,18.284000000000002,18.311,18.285,18.333000000000002,18.296000000000003,18.285,18.299000000000003,18.336000000000002,18.225,18.283,18.290000000000003,18.309,18.359,18.238000000000003
0.0,0.0,6.54,7.09,17.6,9.2,0.0,0.0,0.0,0.0,0.0,0.0,0.0,0.0,0.0,0.0,0.0,0.0,0.0,7.054,7.068,7.088,7.084,7.015,7.038,7.073,7.0280000000000005,7.066,7.04,7.073,6.998,7.077,7.09,7.054,7.075,7.023,7.052,7.058,7.07,7.017,7.038,7.077,7.061,7.061,7.0040000000000004,7.034,7.057,7.088,7.109,7.056,7.068,7.047,7.073,7.01,7.083,7.054,7.068,7.0440000000000005,7.069,7.042,7.084,7.059,7.0120000000000005,7.054,7.034,7.039,7.042,7.073,7.62,7.575,7.675,7.537,7.609,7.5649999999999995,7.563,7.576,7.513,7.649,7.76,7.865,18.380000000000003,18.259,18.377000000000002,18.305,18.255000000000003,18.219,18.315,18.255000000000003,18.281000000000002,18.218,18.348000000000003,18.234,18.236,18.238000000000003,18.236,18.207,18.285,18.282,18.284000000000002,18.311,18.285,18.333000000000002,18.296000000000003,18.285,18.299000000000003,18.336000000000002,18.225,18.283,18.290000000000003,18.309,18.359,18.238000000000003
0.0,0.0,6.54,7.09,17.6,6.647,0.0,0.0,0.0,0.0,0.0,0.0,0.0,0.0,0.0,0.0,0.0,0.0,0.0,7.054,7.068,7.088,7.084,7.015,7.038,7.073,7.0280000000000005,7.066,7.04,7.073,6.998,7.077,7.09,7.054,7.075,7.023,7.052,7.058,7.07,7.017,7.038,7.077,7.061,7.061,7.0040000000000004,7.034,7.057,7.088,7.109,7.056,7.068,7.047,7.073,7.01,7.083,7.054,7.068,7.0440000000000005,7.069,7.042,7.084,7.059,7.0120000000000005,7.054,7.034,7.039,7.042,7.073,7.62,7.575,7.675,7.537,7.609,7.5649999999999995,7.563,7.576,7.513,7.649,7.76,7.865,18.380000000000003,18.259,18.377000000000002,18.305,18.255000000000003,18.219,18.315,18.255000000000003,18.281000000000002,18.218,18.348000000000003,18.234,18.236,18.238000000000003,18.236,18.207,18.285,18.282,18.284000000000002,18.311,18.285,18.333000000000002,18.296000000000003,18.285,18.299000000000003,18.336000000000002,18.225,18.283,18.290000000000003,18.309,18.359,18.238000000000003
0.0,0.0,6.54,7.09,17.6,10.179,0.0,0.0,0.0,0.0,0.0,0.0,0.0,0.0,0.0,0.0,0.0,0.0,0.0,7.054,7.068,7.088,7.084,7.015,7.038,7.073,7.0280000000000005,7.066,7.04,7.073,6.998,7.077,7.09,7.054,7.075,7.023,7.052,7.058,7.07,7.017,7.038,7.077,7.061,7.061,7.0040000000000004,7.034,7.057,7.088,7.109,7.056,7.068,7.047,7.073,7.01,7.083,7.054,7.068,7.0440000000000005,7.069,7.042,7.084,7.059,7.0120000000000005,7.054,7.034,7.039,7.042,7.073,7.62,7.575,7.675,7.537,7.609,7.5649999999999995,7.563,7.576,7.513,7.649,7.76,7.865,18.380000000000003,18.259,18.377000000000002,18.305,18.255000000000003,18.219,18.315,18.255000000000003,18.281000000000002,18.218,18.348000000000003,18.234,18.236,18.238000000000003,18.236,18.207,18.285,18.282,18.284000000000002,18.311,18.285,18.333000000000002,18.296000000000003,18.285,18.299000000000003,18.336000000000002,18.225,18.283,18.290000000000003,18.309,18.359,18.238000000000003
0.0,0.0,6.54,7.09,17.6,20.904,0.0,0.0,0.0,0.0,0.0,0.0,0.0,0.0,0.0,0.0,0.0,0.0,0.0,7.054,7.068,7.088,7.084,7.015,7.038,7.073,7.0280000000000005,7.066,7.04,7.073,6.998,7.077,7.09,7.054,7.075,7.023,7.052,7.058,7.07,7.017,7.038,7.077,7.061,7.061,7.0040000000000004,7.034,7.057,7.088,7.109,7.056,7.068,7.047,7.073,7.01,7.083,7.054,7.068,7.0440000000000005,7.069,7.042,7.084,7.059,7.0120000000000005,7.054,7.034,7.039,7.042,7.073,7.62,7.575,7.675,7.537,7.609,7.5649999999999995,7.563,7.576,7.513,7.649,7.76,7.865,18.380000000000003,18.259,18.377000000000002,18.305,18.255000000000003,18.219,18.315,18.255000000000003,18.281000000000002,18.218,18.348000000000003,18.234,18.236,18.238000000000003,18.236,18.207,18.285,18.282,18.284000000000002,18.311,18.285,18.333000000000002,18.296000000000003,18.285,18.299000000000003,18.336000000000002,18.225,18.283,18.290000000000003,18.309,18.359,18.238000000000003
0.0,0.0,6.54,7.09,17.6,13.273,0.0,0.0,0.0,0.0,0.0,0.0,0.0,0.0,0.0,0.0,0.0,0.0,0.0,7.054,7.068,7.088,7.084,7.015,7.038,7.073,7.0280000000000005,7.066,7.04,7.073,6.998,7.077,7.09,7.054,7.075,7.023,7.052,7.058,7.07,7.017,7.038,7.077,7.061,7.061,7.0040000000000004,7.034,7.057,7.088,7.109,7.056,7.068,7.047,7.073,7.01,7.083,7.054,7.068,7.0440000000000005,7.069,7.042,7.084,7.059,7.0120000000000005,7.054,7.034,7.039,7.042,7.073,7.62,7.575,7.675,7.537,7.609,7.5649999999999995,7.563,7.576,7.513,7.649,7.76,7.865,18.380000000000003,18.259,18.377000000000002,18.305,18.255000000000003,18.219,18.315,18.255000000000003,18.281000000000002,18.218,18.348000000000003,18.234,18.236,18.238000000000003,18.236,18.207,18.285,18.282,18.284000000000002,18.311,18.285,18.333000000000002,18.296000000000003,18.285,18.299000000000003,18.336000000000002,18.225,18.283,18.290000000000003,18.309,18.359,18.238000000000003
0.0,0.0,6.54,7.09,17.6,14.583,0.0,0.0,0.0,0.0,0.0,0.0,0.0,0.0,0.0,0.0,0.0,0.0,0.0,7.054,7.068,7.088,7.084,7.015,7.038,7.073,7.0280000000000005,7.066,7.04,7.073,6.998,7.077,7.09,7.054,7.075,7.023,7.052,7.058,7.07,7.017,7.038,7.077,7.061,7.061,7.0040000000000004,7.034,7.057,7.088,7.109,7.056,7.068,7.047,7.073,7.01,7.083,7.054,7.068,7.0440000000000005,7.069,7.042,7.084,7.059,7.0120000000000005,7.054,7.034,7.039,7.042,7.073,7.62,7.575,7.675,7.537,7.609,7.5649999999999995,7.563,7.576,7.513,7.649,7.76,7.865,18.380000000000003,18.259,18.377000000000002,18.305,18.255000000000003,18.219,18.315,18.255000000000003,18.281000000000002,18.218,18.348000000000003,18.234,18.236,18.238000000000003,18.236,18.207,18.285,18.282,18.284000000000002,18.311,18.285,18.333000000000002,18.296000000000003,18.285,18.299000000000003,18.336000000000002,18.225,18.283,18.290000000000003,18.309,18.359,18.238000000000003
0.0,0.0,6.54,7.09,17.6,8.239,0.0,0.0,0.0,0.0,0.0,0.0,0.0,0.0,0.0,0.0,0.0,0.0,0.0,7.054,7.068,7.088,7.084,7.015,7.038,7.073,7.0280000000000005,7.066,7.04,7.073,6.998,7.077,7.09,7.054,7.075,7.023,7.052,7.058,7.07,7.017,7.038,7.077,7.061,7.061,7.0040000000000004,7.034,7.057,7.088,7.109,7.056,7.068,7.047,7.073,7.01,7.083,7.054,7.068,7.0440000000000005,7.069,7.042,7.084,7.059,7.0120000000000005,7.054,7.034,7.039,7.042,7.073,7.62,7.575,7.675,7.537,7.609,7.5649999999999995,7.563,7.576,7.513,7.649,7.76,7.865,18.380000000000003,18.259,18.377000000000002,18.305,18.255000000000003,18.219,18.315,18.255000000000003,18.281000000000002,18.218,18.348000000000003,18.234,18.236,18.238000000000003,18.236,18.207,18.285,18.282,18.284000000000002,18.311,18.285,18.333000000000002,18.296000000000003,18.285,18.299000000000003,18.336000000000002,18.225,18.283,18.290000000000003,18.309,18.359,18.238000000000003
0.0,0.0,6.54,7.09,17.6,18.975,0.0,0.0,0.0,0.0,0.0,0.0,0.0,0.0,0.0,0.0,0.0,0.0,0.0,7.054,7.068,7.088,7.084,7.015,7.038,7.073,7.0280000000000005,7.066,7.04,7.073,6.998,7.077,7.09,7.054,7.075,7.023,7.052,7.058,7.07,7.017,7.038,7.077,7.061,7.061,7.0040000000000004,7.034,7.057,7.088,7.109,7.056,7.068,7.047,7.073,7.01,7.083,7.054,7.068,7.0440000000000005,7.069,7.042,7.084,7.059,7.0120000000000005,7.054,7.034,7.039,7.042,7.073,7.62,7.575,7.675,7.537,7.609,7.5649999999999995,7.563,7.576,7.513,7.649,7.76,7.865,18.380000000000003,18.259,18.377000000000002,18.305,18.255000000000003,18.219,18.315,18.255000000000003,18.281000000000002,18.218,18.348000000000003,18.234,18.236,18.238000000000003,18.236,18.207,18.285,18.282,18.284000000000002,18.311,18.285,18.333000000000002,18.296000000000003,18.285,18.299000000000003,18.336000000000002,18.225,18.283,18.290000000000003,18.309,18.359,18.238000000000003
16.114,7.054,0.514,2.424,16.114,7.054,7.054,7.054,7.054,7.054,7.054,7.054,7.054,7.054,7.054,7.054,7.054,7.054,7.054,0.0,46.151,16.018,44.327,22.482,31.033,10.933,7.733,54.803,61.317,62.694,32.771,30.581,16.366,39.635,45.237,65.983,8.363,68.011,7.92,81.391,75.598,9.288,27.204,21.619,25.178,47.556,24.225,40.763,75.102,24.88,38.563,10.425,73.462,20.665,26.569,43.634,64.905,52.385,14.914,46.511,61.524,19.699,55.767,15.552,6.966,48.074,6.011,64.646,2.9539999999999997,2.909,3.009,2.871,2.943,2.899,2.897,2.91,2.847,2.983,3.094,3.199,16.894000000000002,16.773,16.891000000000002,16.819,16.769000000000002,16.733,16.829,16.769000000000002,16.795,16.732,16.862000000000002,16.748,16.75,16.752000000000002,16.75,16.721,16.799,16.796,16.798000000000002,16.825,16.799,16.847,16.810000000000002,16.799,16.813000000000002,16.85,16.739,16.797,16.804000000000002,16.823,16.873,16.752000000000002
16.128,7.068,0.528,2.4379999999999997,16.128,7.068,7.068,7.068,7.068,7.068,7.068,7.068,7.068,7.068,7.068,7.068,7.068,7.068,7.068,46.151,0.0,6.645,23.22,26.973,11.791,20.083,9.597,13.114,19.53,39.351,14.134,29.117,15.254,48.96,43.712,16.385,49.337,9.521,11.285,18.343,8.56,29.079,13.67,7.599,6.326,9.122,11.384,15.038,8.965,14.949,10.27,42.252,11.488,38.475,11.537,19.936,14.773,9.518,10.497,53.139,7.601,69.491,8.612,29.837,19.509,8.88,8.442,6.966,2.968,2.9229999999999996,3.0229999999999997,2.885,2.957,2.913,2.9109999999999996,2.9239999999999995,2.8609999999999998,2.997,3.1079999999999997,3.2129999999999996,16.908,16.787,16.905,16.833,16.783,16.747,16.843,16.783,16.809,16.746,16.876,16.762,16.764,16.766000000000002,16.764,16.735,16.813,16.81,16.812,16.839,16.813,16.861,16.824,16.813,16.827,16.864,16.753,16.811,16.818,16.837,16.887,16.766000000000002
16.148,7.088,0.548,2.458,16.148,7.088,7.088,7.088,7.088,7.088,7.088,7.088,7.088,7.088,7.088,7.088,7.088,7.088,7.088,16.018,6.645,0.0,12.534,22.733,8.561,7.831,26.878,8.561,7.6,21.765,9.549,32.298,46.395,7.502,20.032,39.484,14.321,13.307,9.84,9.577,9.604,10.608,7.531,27.467,9.973,7.599,14.133,9.465,12.205,41.638,11.586,7.926,9.653,13.04,9.208,8.066,6.966,33.689,34.504,12.346,33.17,13.327,51.168,6.326,27.115,6.646,7.394,6.327,2.9880000000000004,2.943,3.043,2.9050000000000002,2.9770000000000003,2.9330000000000003,2.931,2.944,2.8810000000000002,3.0170000000000003,3.128,3.233,16.928,16.807,16.925,16.852999999999998,16.803,16.767,16.863,16.803,16.829,16.766,16.896,16.782,16.784,16.786,16.784,16.755,16.833,16.83,16.832,16.858999999999998,16.833,16.881,16.844,16.833,16.847,16.884,16.773,16.831,16.838,16.857,16.907,16.786
16.144,7.084,0.544,2.4539999999999997,16.144,7.084,7.084,7.084,7.084,7.084,7.084,7.084,7.084,7.084,7.084,7.084,7.084,7.084,7.084,44.327,23.22,12.534,0.0,16.882,10.293,14.162,12.658,7.306,9.52,9.797,9.289,21.125,20.852,38.388,6.647,11.892,6.193,19.887,12.877,7.6,6.965,8.02,7.928,28.342,9.2,11.253,9.091,20.165,9.84,17.134,9.2,9.52,8.56,19.386,7.926,8.239,8.88,47.175,14.233,9.519,25.779,29.987,9.973,7.92,8.246,9.2,8.24,9.48,2.984,2.9389999999999996,3.0389999999999997,2.901,2.973,2.929,2.9269999999999996,2.9399999999999995,2.877,3.013,3.1239999999999997,3.2289999999999996,16.924,16.802999999999997,16.921,16.848999999999997,16.799,16.762999999999998,16.858999999999998,16.799,16.825,16.761999999999997,16.892,16.778,16.779999999999998,16.782,16.779999999999998,16.750999999999998,16.828999999999997,16.825999999999997,16.828,16.854999999999997,16.828999999999997,16.877,16.84,16.828999999999997,16.843,16.88,16.769,16.826999999999998,16.834,16.852999999999998,16.903,16.782
16.075,7.015,0.475,2.385,16.075,7.015,7.015,7.015,7.015,7.015,7.015,7.015,7.015,7.015,7.015,7.015,7.015,7.015,7.015,22.482,26.973,22.733,16.882,0.0,6.64,9.902,23.875,19.706,9.842,6.326,9.841,7.921,8.881,18.126,6.326,9.521,7.601,15.98,8.386,9.2,6.965,17.419,9.199,9.694,22.538,8.88,7.6,35.556,32.405,10.245,8.56,8.56,9.84,7.844,7.928,8.239,9.52,13.342,8.24,9.2,11.307,18.105,14.453,25.146,9.841,7.92,8.932,7.61,2.915,2.8699999999999997,2.9699999999999998,2.832,2.904,2.86,2.8579999999999997,2.8709999999999996,2.808,2.944,3.0549999999999997,3.1599999999999997,16.855,16.733999999999998,16.852,16.779999999999998,16.73,16.694,16.79,16.73,16.756,16.692999999999998,16.823,16.709,16.711,16.713,16.711,16.682,16.759999999999998,16.756999999999998,16.759,16.785999999999998,16.759999999999998,16.808,16.771,16.759999999999998,16.774,16.811,16.7,16.758,16.765,16.784,16.834,16.713
16.098,7.038,0.498,2.408,16.098,7.038,7.038,7.038,7.038,7.038,7.038,7.038,7.038,7.038,7.038,7.038,7.038,7.038,7.038,31.033,11.791,8.561,10.293,6.64,0.0,22.079,12.859,13.172,9.52,6.975,10.481,21.946,7.281,7.921,9.697,7.6,7.601,7.927,26.686,36.675,12.859,10.205,10.168,8.75,14.605,8.561,42.665,13.25,8.046,12.81,8.24,7.607,10.48,7.6,8.245,32.449,7.92,9.957,6.64,9.841,8.105,11.3,9.201,8.56,11.94,21.946,7.92,29.132,2.9379999999999997,2.893,2.993,2.855,2.927,2.883,2.881,2.894,2.831,2.967,3.078,3.183,16.878,16.756999999999998,16.875,16.802999999999997,16.753,16.717,16.813,16.753,16.779,16.715999999999998,16.846,16.732,16.733999999999998,16.736,16.733999999999998,16.705,16.782999999999998,16.779999999999998,16.782,16.808999999999997,16.782999999999998,16.831,16.794,16.782999999999998,16.797,16.834,16.723,16.781,16.788,16.807,16.857,16.736
16.133,7.073,0.533,2.443,16.133,7.073,7.073,7.073,7.073,7.073,7.073,7.073,7.073,7.073,7.073,7.073,7.073,7.073,7.073,10.933,20.083,7.831,14.162,9.902,22.079,0.0,11.26,10.621,7.928,11.159,9.841,9.013,7.6,29.865,12.213,8.881,9.84,6.967,12.86,8.88,7.599,9.868,9.526,9.77,25.145,8.58,18.426,20.665,20.195,9.77,7.92,11.544,9.84,10.104,8.592,10.159,6.96,12.533,20.986,8.559,9.84,8.56,7.601,8.569,7.606,9.846,32.562,27.204,2.973,2.928,3.028,2.89,2.962,2.918,2.916,2.9290000000000003,2.866,3.0020000000000002,3.113,3.218,16.913,16.791999999999998,16.91,16.837999999999997,16.788,16.752,16.848,16.788,16.814,16.750999999999998,16.881,16.767,16.769,16.771,16.769,16.74,16.817999999999998,16.814999999999998,16.817,16.843999999999998,16.817999999999998,16.866,16.829,16.817999999999998,16.832,16.869,16.758,16.816,16.823,16.842,16.892,16.771
16.088,7.0280000000000005,0.488,2.3979999999999997,16.088,7.0280000000000005,7.0280000000000005,7.0280000000000005,7.0280000000000005,7.0280000000000005,7.0280000000000005,7.0280000000000005,7.0280000000000005,7.0280000000000005,7.0280000000000005,7.0280000000000005,7.0280000000000005,7.0280000000000005,7.0280000000000005,7.733,9.597,26.878,12.658,23.875,12.859,11.26,0.0,7.287,6.012,8.035,8.881,21.772,9.848,10.298,9.298,8.241,7.601,20.757,12.673,6.646,6.965,16.825,10.159,8.56,13.945,9.223,9.342,21.585,6.96,9.519,7.289,8.241,7.285,16.138,7.953,8.879,9.52,9.069,24.186,7.934,8.56,8.24,8.239,10.046,7.28,14.747,7.599,15.291,2.928,2.8829999999999996,2.9829999999999997,2.8449999999999998,2.917,2.8729999999999998,2.8709999999999996,2.8839999999999995,2.8209999999999997,2.957,3.0679999999999996,3.1729999999999996,16.868000000000002,16.747,16.865000000000002,16.793,16.743000000000002,16.707,16.803,16.743000000000002,16.769000000000002,16.706,16.836000000000002,16.722,16.724,16.726000000000003,16.724,16.695,16.773,16.77,16.772000000000002,16.799,16.773,16.821,16.784000000000002,16.773,16.787000000000003,16.824,16.713,16.771,16.778000000000002,16.797,16.847,16.726000000000003
16.126,7.066,0.526,2.436,16.126,7.066,7.066,7.066,7.066,7.066,7.066,7.066,7.066,7.066,7.066,7.066,7.066,7.066,7.066,54.803,13.114,8.561,7.306,19.706,13.172,10.621,7.287,0.0,7.92,11.426,15.198,25.474,9.2,11.581,19.066,9.209,13.446,9.653,9.925,8.246,8.56,13.626,7.601,9.961,9.519,9.867,14.231,31.039,7.599,7.28,16.825,8.559,6.326,11.907,8.559,8.559,6.965,7.6,6.325,8.889,15.231,8.569,8.881,10.136,8.879,12.538,8.098,23.998,2.966,2.921,3.021,2.883,2.955,2.911,2.909,2.9219999999999997,2.859,2.995,3.106,3.211,16.906000000000002,16.785,16.903000000000002,16.831,16.781000000000002,16.745,16.841,16.781000000000002,16.807000000000002,16.744,16.874000000000002,16.76,16.762,16.764000000000003,16.762,16.733,16.811,16.808,16.810000000000002,16.837,16.811,16.859,16.822000000000003,16.811,16.825000000000003,16.862000000000002,16.751,16.809,16.816000000000003,16.835,16.885,16.764000000000003
16.1,7.04,0.5,2.41,16.1,7.04,7.04,7.04,7.04,7.04,7.04,7.04,7.04,7.04,7.04,7.04,7.04,7.04,7.04,61.317,19.53,7.6,9.52,9.842,9.52,7.928,6.012,7.92,0.0,12.854,8.239,15.769,8.887,6.966,8.24,10.479,8.88,22.862,9.52,7.279,9.839,9.332,7.926,11.689,19.385,7.919,8.24,21.82,7.286,7.6,8.241,8.239,8.56,9.52,8.592,7.28,7.92,8.24,7.6,6.64,7.607,10.16,9.52,11.573,10.488,8.925,12.026,9.2,2.9400000000000004,2.895,2.995,2.857,2.9290000000000003,2.8850000000000002,2.883,2.896,2.833,2.9690000000000003,3.08,3.185,16.880000000000003,16.759,16.877000000000002,16.805,16.755000000000003,16.719,16.815,16.755000000000003,16.781000000000002,16.718,16.848000000000003,16.734,16.736,16.738000000000003,16.736,16.707,16.785,16.782,16.784000000000002,16.811,16.785,16.833000000000002,16.796000000000003,16.785,16.799000000000003,16.836000000000002,16.725,16.783,16.790000000000003,16.809,16.859,16.738000000000003
16.133,7.073,0.533,2.443,16.133,7.073,7.073,7.073,7.073,7.073,7.073,7.073,7.073,7.073,7.073,7.073,7.073,7.073,7.073,62.694,39.351,21.765,9.797,6.326,6.975,11.159,8.035,11.426,12.854,0.0,9.201,12.343,7.606,20.027,6.967,8.88,8.241,8.73,7.927,8.879,8.879,8.389,6.327,11.413,27.838,9.52,8.305,8.511,8.44,8.879,21.945,8.255,8.879,6.326,9.533,10.158,7.599,13.172,9.981,9.199,6.966,10.159,10.48,10.088,10.356,8.568,9.206,17.792,2.973,2.928,3.028,2.89,2.962,2.918,2.916,2.9290000000000003,2.866,3.0020000000000002,3.113,3.218,16.913,16.791999999999998,16.91,16.837999999999997,16.788,16.752,16.848,16.788,16.814,16.750999999999998,16.881,16.767,16.769,16.771,16.769,16.74,16.817999999999998,16.814999999999998,16.817,16.843999999999998,16.817999999999998,16.866,16.829,16.817999999999998,16.832,16.869,16.758,16.816,16.823,16.842,16.892,16.771
16.058,6.998,0.458,2.368,16.058,6.998,6.998,6.998,6.998,6.998,6.998,6.998,6.998,6.998,6.998,6.998,6.998,6.998,6.998,32.771,14.134,9.549,9.289,9.841,10.481,9.841,8.881,15.198,8.239,9.201,0.0,9.978,7.28,7.281,9.52,7.926,8.241,7.606,7.919,8.56,9.84,7.934,7.285,6.966,8.881,8.879,9.075,9.653,7.599,9.2,10.159,7.279,9.848,10.006,10.525,8.33,7.92,8.153,6.965,9.839,6.966,9.839,9.839,10.612,9.849,13.983,8.879,7.607,2.8979999999999997,2.8529999999999998,2.953,2.815,2.887,2.843,2.8409999999999997,2.854,2.791,2.927,3.038,3.143,16.838,16.717,16.835,16.762999999999998,16.713,16.677,16.773,16.713,16.739,16.676,16.806,16.692,16.694,16.696,16.694,16.665,16.743,16.74,16.742,16.769,16.743,16.791,16.754,16.743,16.757,16.794,16.683,16.741,16.748,16.767,16.817,16.696
16.137,7.077,0.537,2.447,16.137,7.077,7.077,7.077,7.077,7.077,7.077,7.077,7.077,7.077,7.077,7.077,7.077,7.077,7.077,30.581,29.117,32.298,21.125,7.921,21.946,9.013,21.772,25.474,15.769,12.343,9.978,0.0,17.965,12.852,9.602,9.521,6.64,6.968,7.92,10.48,9.286,8.56,7.279,6.966,6.012,8.239,10.48,15.575,6.959,11.898,10.759,8.239,7.919,8.246,6.959,7.281,8.879,9.339,44.29,7.926,7.279,8.88,8.568,14.132,7.367,8.509,7.464,6.325,2.9770000000000003,2.932,3.032,2.894,2.966,2.922,2.92,2.933,2.87,3.0060000000000002,3.117,3.222,16.917,16.796,16.914,16.842,16.792,16.756,16.852,16.792,16.818,16.755,16.885,16.771,16.773,16.775000000000002,16.773,16.744,16.822,16.819,16.821,16.848,16.822,16.87,16.833000000000002,16.822,16.836000000000002,16.873,16.762,16.82,16.827,16.846,16.896,16.775000000000002
16.15,7.09,0.55,2.46,16.15,7.09,7.09,7.09,7.09,7.09,7.09,7.09,7.09,7.09,7.09,7.09,7.09,7.09,7.09,16.366,15.254,46.395,20.852,8.881,7.281,7.6,9.848,9.2,8.887,7.606,7.28,17.965,0.0,13.915,21.446,7.921,7.609,6.961,6.647,9.839,13.079,8.379,8.561,20.241,7.919,9.52,41.091,10.573,8.56,9.334,8.24,9.521,7.925,6.966,7.286,9.2,8.88,12.854,9.519,7.92,6.966,10.159,7.92,10.168,6.96,11.94,10.426,7.295,2.99,2.945,3.045,2.907,2.979,2.935,2.933,2.9459999999999997,2.883,3.019,3.13,3.235,16.93,16.808999999999997,16.927,16.854999999999997,16.805,16.769,16.865,16.805,16.831,16.767999999999997,16.898,16.784,16.785999999999998,16.788,16.785999999999998,16.756999999999998,16.834999999999997,16.831999999999997,16.834,16.860999999999997,16.834999999999997,16.883,16.846,16.834999999999997,16.849,16.886,16.775,16.833,16.84,16.858999999999998,16.909,16.788
16.114,7.054,0.514,2.424,16.114,7.054,7.054,7.054,7.054,7.054,7.054,7.054,7.054,7.054,7.054,7.054,7.054,7.054,7.054,39.635,48.96,7.502,38.388,18.126,7.921,29.865,10.298,11.581,6.966,20.027,7.281,12.852,13.915,0.0,9.841,9.201,9.521,7.601,7.6,8.88,7.279,8.621,8.88,6.959,7.919,8.24,8.066,28.416,8.569,7.877,7.92,9.84,7.285,6.326,8.074,25.072,10.48,31.301,8.79,7.925,8.88,8.56,7.92,9.752,7.145,8.559,9.046,6.326,2.9539999999999997,2.909,3.009,2.871,2.943,2.899,2.897,2.91,2.847,2.983,3.094,3.199,16.894000000000002,16.773,16.891000000000002,16.819,16.769000000000002,16.733,16.829,16.769000000000002,16.795,16.732,16.862000000000002,16.748,16.75,16.752000000000002,16.75,16.721,16.799,16.796,16.798000000000002,16.825,16.799,16.847,16.810000000000002,16.799,16.813000000000002,16.85,16.739,16.797,16.804000000000002,16.823,16.873,16.752000000000002
16.134999999999998,7.075,0.535,2.445,16.134999999999998,7.075,7.075,7.075,7.075,7.075,7.075,7.075,7.075,7.075,7.075,7.075,7.075,7.075,7.075,45.237,43.712,20.032,6.647,6.326,9.697,12.213,9.298,19.066,8.24,6.967,9.52,9.602,21.446,9.841,0.0,9.202,7.29,7.927,6.647,8.56,8.246,7.92,9.207,11.893,9.333,10.036,9.75,12.219,9.851,10.705,9.786,7.92,7.6,8.24,7.28,9.2,9.201,8.241,13.812,6.012,9.521,9.529,8.246,10.941,9.0,8.899,8.524,11.252,2.9749999999999996,2.9299999999999997,3.03,2.892,2.964,2.92,2.9179999999999997,2.931,2.868,3.004,3.1149999999999998,3.2199999999999998,16.915,16.793999999999997,16.912,16.839999999999996,16.79,16.753999999999998,16.849999999999998,16.79,16.816,16.752999999999997,16.883,16.769,16.770999999999997,16.773,16.770999999999997,16.741999999999997,16.819999999999997,16.816999999999997,16.819,16.845999999999997,16.819999999999997,16.868,16.831,16.819999999999997,16.834,16.871,16.759999999999998,16.817999999999998,16.825,16.843999999999998,16.894,16.773
16.083,7.023,0.483,2.393,16.083,7.023,7.023,7.023,7.023,7.023,7.023,7.023,7.023,7.023,7.023,7.023,7.023,7.023,7.023,65.983,16.385,39.484,11.892,9.521,7.6,8.881,8.241,9.209,10.479,8.88,7.926,9.521,7.921,9.201,9.202,0.0,8.561,6.326,8.881,7.92,8.879,8.241,6.335,7.926,6.96,8.305,13.559,8.879,9.84,9.023,9.2,7.92,8.56,7.919,9.519,10.101,7.919,12.533,8.559,7.919,8.239,8.241,8.879,6.012,8.88,11.066,7.6,6.965,2.923,2.8779999999999997,2.9779999999999998,2.84,2.912,2.868,2.8659999999999997,2.8789999999999996,2.816,2.952,3.0629999999999997,3.1679999999999997,16.863,16.741999999999997,16.86,16.787999999999997,16.738,16.701999999999998,16.798,16.738,16.764,16.700999999999997,16.831,16.717,16.718999999999998,16.721,16.718999999999998,16.689999999999998,16.767999999999997,16.764999999999997,16.767,16.793999999999997,16.767999999999997,16.816,16.779,16.767999999999997,16.782,16.819,16.708,16.766,16.773,16.791999999999998,16.842,16.721
16.112,7.052,0.512,2.4219999999999997,16.112,7.052,7.052,7.052,7.052,7.052,7.052,7.052,7.052,7.052,7.052,7.052,7.052,7.052,7.052,8.363,49.337,14.321,6.193,7.601,7.601,9.84,7.601,13.446,8.88,8.241,8.241,6.64,7.609,9.521,7.29,8.561,0.0,7.921,8.56,7.28,8.239,10.088,7.919,7.92,7.92,8.24,9.52,9.84,9.52,13.121,10.48,9.21,8.24,10.425,6.966,9.84,8.56,8.102,8.24,7.919,8.24,8.88,8.24,21.382,8.881,12.666,10.48,12.222,2.952,2.9069999999999996,3.0069999999999997,2.8689999999999998,2.941,2.897,2.8949999999999996,2.9079999999999995,2.8449999999999998,2.981,3.0919999999999996,3.1969999999999996,16.892,16.770999999999997,16.889,16.816999999999997,16.767,16.730999999999998,16.826999999999998,16.767,16.793,16.729999999999997,16.86,16.746,16.747999999999998,16.75,16.747999999999998,16.718999999999998,16.796999999999997,16.793999999999997,16.796,16.822999999999997,16.796999999999997,16.845,16.808,16.796999999999997,16.811,16.848,16.737,16.794999999999998,16.802,16.820999999999998,16.871,16.75
16.118,7.058,0.518,2.428,16.118,7.058,7.058,7.058,7.058,7.058,7.058,7.058,7.058,7.058,7.058,7.058,7.058,7.058,7.058,68.011,9.521,13.307,19.887,15.98,7.927,6.967,20.757,9.653,22.862,8.73,7.606,6.968,6.961,7.601,7.927,6.326,7.921,0.0,8.24,6.966,7.925,38.211,8.568,7.285,9.973,7.92,6.012,7.279,7.426,7.29,17.194,8.239,8.559,30.946,9.519,9.519,9.199,9.785,6.961,10.479,6.646,6.96,8.24,11.306,9.208,10.981,10.159,7.919,2.958,2.913,3.013,2.875,2.947,2.903,2.901,2.9139999999999997,2.851,2.987,3.098,3.203,16.898,16.776999999999997,16.895,16.822999999999997,16.773,16.737,16.833,16.773,16.799,16.735999999999997,16.866,16.752,16.753999999999998,16.756,16.753999999999998,16.724999999999998,16.802999999999997,16.799999999999997,16.802,16.828999999999997,16.802999999999997,16.851,16.814,16.802999999999997,16.817,16.854,16.743,16.801,16.808,16.826999999999998,16.877,16.756
16.13,7.07,0.53,2.44,16.13,7.07,7.07,7.07,7.07,7.07,7.07,7.07,7.07,7.07,7.07,7.07,7.07,7.07,7.07,7.92,11.285,9.84,12.877,8.386,26.686,12.86,12.673,9.925,9.52,7.927,7.919,7.92,6.647,7.6,6.647,8.881,8.56,8.24,0.0,8.239,6.972,12.213,8.239,7.285,6.965,6.96,6.645,9.839,9.199,8.245,33.277,8.88,8.239,13.625,9.2,9.519,8.88,6.966,11.893,9.519,6.96,8.559,7.935,10.612,7.286,6.645,8.245,6.96,2.9699999999999998,2.925,3.025,2.887,2.959,2.915,2.913,2.926,2.863,2.999,3.11,3.215,16.91,16.788999999999998,16.907,16.834999999999997,16.785,16.749,16.845,16.785,16.811,16.747999999999998,16.878,16.764,16.766,16.768,16.766,16.737,16.814999999999998,16.811999999999998,16.814,16.840999999999998,16.814999999999998,16.863,16.826,16.814999999999998,16.829,16.866,16.755,16.813,16.82,16.839,16.889,16.768
16.076999999999998,7.017,0.477,2.387,16.076999999999998,7.017,7.017,7.017,7.017,7.017,7.017,7.017,7.017,7.017,7.017,7.017,7.017,7.017,7.017,81.391,18.343,9.577,7.6,9.2,36.675,8.88,6.646,8.246,7.279,8.879,8.56,10.48,9.839,8.88,8.56,7.92,7.28,6.966,8.239,0.0,9.146,7.6,7.606,6.326,15.545,9.202,7.927,35.769,6.327,9.246,10.942,7.921,23.945,23.225,6.967,8.568,7.935,12.696,9.841,9.519,7.919,7.599,8.24,7.6,8.24,11.572,10.479,11.573,2.917,2.872,2.972,2.834,2.906,2.862,2.86,2.873,2.81,2.946,3.057,3.162,16.857,16.735999999999997,16.854,16.781999999999996,16.732,16.695999999999998,16.791999999999998,16.732,16.758,16.694999999999997,16.825,16.711,16.712999999999997,16.715,16.712999999999997,16.683999999999997,16.761999999999997,16.758999999999997,16.761,16.787999999999997,16.761999999999997,16.81,16.773,16.761999999999997,16.776,16.813,16.701999999999998,16.759999999999998,16.767,16.785999999999998,16.836,16.715
16.098,7.038,0.498,2.408,16.098,7.038,7.038,7.038,7.038,7.038,7.038,7.038,7.038,7.038,7.038,7.038,7.038,7.038,7.038,75.598,8.56,9.604,6.965,6.965,12.859,7.599,6.965,8.56,9.839,8.879,9.84,9.286,13.079,7.279,8.246,8.879,8.239,7.925,6.972,9.146,0.0,8.244,23.687,8.878,8.559,8.569,6.654,11.572,41.956,14.131,10.504,8.239,8.692,10.105,24.912,7.92,21.145,7.604,6.959,7.919,7.925,18.745,8.879,8.559,8.239,6.959,8.559,6.011,2.9379999999999997,2.893,2.993,2.855,2.927,2.883,2.881,2.894,2.831,2.967,3.078,3.183,16.878,16.756999999999998,16.875,16.802999999999997,16.753,16.717,16.813,16.753,16.779,16.715999999999998,16.846,16.732,16.733999999999998,16.736,16.733999999999998,16.705,16.782999999999998,16.779999999999998,16.782,16.808999999999997,16.782999999999998,16.831,16.794,16.782999999999998,16.797,16.834,16.723,16.781,16.788,16.807,16.857,16.736
16.137,7.077,0.537,2.447,16.137,7.077,7.077,7.077,7.077,7.077,7.077,7.077,7.077,7.077,7.077,7.077,7.077,7.077,7.077,9.288,29.079,10.608,8.02,17.419,10.205,9.868,16.825,13.626,9.332,8.389,7.934,8.56,8.379,8.621,7.92,8.241,10.088,38.211,12.213,7.6,8.244,0.0,9.34,7.285,9.431,35.011,15.351,8.24,23.896,44.424,15.679,8.24,17.04,10.055,35.504,6.646,9.2,7.927,20.986,23.501,8.239,11.524,8.246,48.277,15.052,11.278,7.927,6.325,2.9770000000000003,2.932,3.032,2.894,2.966,2.922,2.92,2.933,2.87,3.0060000000000002,3.117,3.222,16.917,16.796,16.914,16.842,16.792,16.756,16.852,16.792,16.818,16.755,16.885,16.771,16.773,16.775000000000002,16.773,16.744,16.822,16.819,16.821,16.848,16.822,16.87,16.833000000000002,16.822,16.836000000000002,16.873,16.762,16.82,16.827,16.846,16.896,16.775000000000002
16.121,7.061,0.521,2.431,16.121,7.061,7.061,7.061,7.061,7.061,7.061,7.061,7.061,7.061,7.061,7.061,7.061,7.061,7.061,27.204,13.67,7.531,7.928,9.199,10.168,9.526,10.159,7.601,7.926,6.327,7.285,7.279,8.561,8.88,9.207,6.335,7.919,8.568,8.239,7.606,23.687,9.34,0.0,23.99,9.652,42.307,22.979,21.487,13.916,30.626,37.361,8.561,11.671,16.825,9.75,7.286,7.279,23.417,8.239,8.24,8.245,7.605,29.383,23.196,14.132,15.74,6.967,6.965,2.9610000000000003,2.916,3.016,2.878,2.95,2.906,2.904,2.917,2.854,2.99,3.101,3.206,16.901,16.779999999999998,16.898,16.825999999999997,16.776,16.74,16.836,16.776,16.802,16.738999999999997,16.869,16.755,16.756999999999998,16.759,16.756999999999998,16.727999999999998,16.805999999999997,16.802999999999997,16.805,16.831999999999997,16.805999999999997,16.854,16.817,16.805999999999997,16.82,16.857,16.746,16.804,16.811,16.83,16.88,16.759
