grenoble,lille,paris,saclay,strasbourg,lille_20_m3-1,lille_20_m3-5,lille_20_m3-6,lille_20_m3-13,lille_20_m3-15,lille_20_m3-17,lille_20_m3-19,lille_20_m3-20,lille_20_m3-21,lille_20_m3-22,paris_m3-4,paris_m3-5,paris_m3-6,paris_m3-7,paris_m3-8,paris_m3-10,paris_m3-11,paris_m3-12,paris_m3-13,paris_m3-14,paris_m3-15,paris_m3-16,paris_m3-17,paris_m3-18,paris_m3-19,paris_m3-20,paris_m3-21,paris_m3-22,paris_m3-23,paris_m3-24,paris_m3-25,paris_m3-26,paris_m3-27,paris_m3-28,paris_m3-31,paris_m3-35,paris_m3-36,paris_m3-37,paris_m3-38,paris_m3-39,paris_m3-40,paris_m3-41,paris_m3-42,paris_m3-43,paris_m3-44,paris_m3-47,paris_m3-48,paris_m3-49,paris_m3-50,paris_m3-51,paris_m3-52,paris_m3-53,paris_m3-55,paris_m3-56,paris_m3-57,paris_m3-60,paris_m3-61,paris_m3-63,paris_m3-64,saclay_m3-1,saclay_m3-2,saclay_m3-3,saclay_m3-4,saclay_m3-5,saclay_m3-6,saclay_m3-7,saclay_m3-8,saclay_m3-9,saclay_m3-10,saclay_m3-11,saclay_m3-12,strasbourg_m3-2,strasbourg_m3-3,strasbourg_m3-6,strasbourg_m3-7,strasbourg_m3-12,strasbourg_m3-13,strasbourg_m3-14,strasbourg_m3-15,strasbourg_m3-18,strasbourg_m3-19,strasbourg_m3-23,strasbourg_m3-25,strasbourg_m3-28,strasbourg_m3-30,strasbourg_m3-31,strasbourg_m3-34,strasbourg_m3-35,strasbourg_m3-38,strasbourg_m3-40,strasbourg_m3-41,strasbourg_m3-42,strasbourg_m3-44,strasbourg_m3-45,strasbourg_m3-46,strasbourg_m3-47,strasbourg_m3-49,strasbourg_m3-51,strasbourg_m3-54,strasbourg_m3-55,strasbourg_m3-58,strasbourg_m3-59,strasbourg_m3-63
0.0,0.0,11.3,12.2,13.2,0.0,0.0,0.0,0.0,0.0,0.0,0.0,0.0,0.0,0.0,11.761000000000001,11.751000000000001,11.765,11.8,11.802000000000001,11.811,11.825000000000001,11.798,11.812000000000001,11.794,11.833,11.752,11.838000000000001,11.762,11.784,11.836,11.839,11.809000000000001,11.817,11.783000000000001,11.816,11.787,11.774000000000001,11.774000000000001,11.797,11.82,11.816,11.951,11.842,11.862,11.824000000000002,11.808,11.821000000000002,11.815000000000001,11.823,11.821000000000002,11.831000000000001,11.834000000000001,11.823,11.793000000000001,11.809000000000001,11.847000000000001,11.8,11.761000000000001,11.865,11.677000000000001,11.831000000000001,11.962000000000002,11.858,12.681,12.694999999999999,12.700999999999999,12.706,12.662999999999998,12.564,12.710999999999999,12.681999999999999,12.671999999999999,12.67,12.692,12.77,13.785,13.87,13.933,13.793,13.79,13.790999999999999,13.800999999999998,13.773,13.78,13.822999999999999,13.802999999999999,13.796,13.83,13.751999999999999,13.856,13.79,13.956999999999999,13.793999999999999,13.785,13.869,13.822999999999999,13.808,13.878,13.847,13.812999999999999,13.847999999999999,13.818999999999999,13.79,13.770999999999999,13.869,13.806,13.835999999999999
0.0,0.0,6.63,7.09,17.6,0.0,0.0,0.0,0.0,0.0,0.0,0.0,0.0,0.0,0.0,7.091,7.0809999999999995,7.095,7.13,7.132,7.141,7.155,7.128,7.1419999999999995,7.124,7.163,7.082,7.168,7.092,7.114,7.166,7.169,7.139,7.147,7.1129999999999995,7.146,7.117,7.104,7.104,7.127,7.15,7.146,7.281,7.172,7.192,7.154,7.138,7.151,7.145,7.153,7.151,7.161,7.164,7.153,7.123,7.139,7.177,7.13,7.091,7.195,7.007,7.161,7.292,7.188,7.571,7.585,7.591,7.596,7.553,7.454,7.601,7.572,7.561999999999999,7.56,7.582,7.66,18.185000000000002,18.270000000000003,18.333000000000002,18.193,18.19,18.191000000000003,18.201,18.173000000000002,18.18,18.223000000000003,18.203000000000003,18.196,18.23,18.152,18.256,18.19,18.357000000000003,18.194000000000003,18.185000000000002,18.269000000000002,18.223000000000003,18.208000000000002,18.278000000000002,18.247,18.213,18.248,18.219,18.19,18.171000000000003,18.269000000000002,18.206000000000003,18.236
11.3,6.63,0.0,3.58,13.7,6.63,6.63,6.63,6.63,6.63,6.63,6.63,6.63,6.63,6.63,0.461,0.451,0.465,0.5,0.502,0.511,0.525,0.498,0.512,0.494,0.533,0.452,0.538,0.462,0.484,0.536,0.539,0.509,0.517,0.483,0.516,0.487,0.474,0.474,0.497,0.52,0.516,0.651,0.542,0.562,0.524,0.508,0.521,0.515,0.523,0.521,0.531,0.534,0.523,0.493,0.509,0.547,0.5,0.461,0.565,0.377,0.531,0.662,0.558,4.061,4.075,4.081,4.086,4.043,3.944,4.091,4.062,4.052,4.05,4.072,4.15,14.285,14.37,14.433,14.293,14.29,14.290999999999999,14.300999999999998,14.273,14.28,14.322999999999999,14.302999999999999,14.296,14.33,14.251999999999999,14.356,14.29,14.456999999999999,14.293999999999999,14.285,14.369,14.322999999999999,14.308,14.378,14.347,14.312999999999999,14.347999999999999,14.318999999999999,14.29,14.270999999999999,14.369,14.306,14.335999999999999
12.2,7.09,3.58,0.0,14.6,7.09,7.09,7.09,7.09,7.09,7.09,7.09,7.09,7.09,7.09,4.041,4.031,4.045,4.08,4.082,4.091,4.105,4.078,4.0920000000000005,4.074,4.113,4.032,4.118,4.042,4.064,4.116,4.119,4.089,4.097,4.063,4.096,4.067,4.054,4.054,4.077,4.1,4.096,4.231,4.122,4.142,4.104,4.088,4.101,4.095,4.103,4.101,4.111,4.114,4.103,4.073,4.089,4.127,4.08,4.041,4.145,3.957,4.111,4.242,4.138,0.481,0.495,0.501,0.506,0.463,0.364,0.511,0.482,0.472,0.47,0.492,0.57,15.184999999999999,15.27,15.333,15.193,15.19,15.190999999999999,15.201,15.173,15.18,15.222999999999999,15.203,15.196,15.23,15.152,15.256,15.19,15.357,15.193999999999999,15.184999999999999,15.269,15.222999999999999,15.208,15.278,15.247,15.213,15.248,15.219,15.19,15.171,15.269,15.206,15.235999999999999
13.2,17.6,13.7,14.6,0.0,17.6,17.6,17.6,17.6,17.6,17.6,17.6,17.6,17.6,17.6,14.161,14.151,14.165,14.2,14.202,14.210999999999999,14.225,14.197999999999999,14.212,14.193999999999999,14.232999999999999,14.152,14.238,14.161999999999999,14.184,14.235999999999999,14.238999999999999,14.209,14.216999999999999,14.183,14.216,14.187,14.174,14.174,14.197,14.219999999999999,14.216,14.350999999999999,14.241999999999999,14.261999999999999,14.224,14.207999999999998,14.221,14.215,14.222999999999999,14.221,14.231,14.234,14.222999999999999,14.193,14.209,14.247,14.2,14.161,14.264999999999999,14.077,14.231,14.362,14.258,15.081,15.094999999999999,15.100999999999999,15.106,15.062999999999999,14.964,15.110999999999999,15.081999999999999,15.072,15.07,15.091999999999999,15.17,0.585,0.67,0.733,0.593,0.59,0.591,0.601,0.573,0.58,0.623,0.603,0.596,0.63,0.552,0.656,0.59,0.757,0.594,0.585,0.669,0.623,0.608,0.678,0.647,0.613,0.648,0.619,0.59,0.571,0.669,0.606,0.636
0.0,0.0,6.63,7.09,17.6,0.0,57.119,11.387,19.521,26.477,14.586,35.587,12.911,11.471,11.419,7.091,7.0809999999999995,7.095,7.13,7.132,7.141,7.155,7.128,7.1419999999999995,7.124,7.163,7.082,7.168,7.092,7.114,7.166,7.169,7.139,7.147,7.1129999999999995,7.146,7.117,7.104,7.104,7.127,7.15,7.146,7.281,7.172,7.192,7.154,7.138,7.151,7.145,7.153,7.151,7.161,7.164,7.153,7.123,7.139,7.177,7.13,7.091,7.195,7.007,7.161,7.292,7.188,7.571,7.585,7.591,7.596,7.553,7.454,7.601,7.572,7.561999999999999,7.56,7.582,7.66,18.185000000000002,18.270000000000003,18.333000000000002,18.193,18.19,18.191000000000003,18.201,18.173000000000002,18.18,18.223000000000003,18.203000000000003,18.196,18.23,18.152,18.256,18.19,18.357000000000003,18.194000000000003,18.185000000000002,18.269000000000002,18.223000000000003,18.208000000000002,18.278000000000002,18.247,18.213,18.248,18.219,18.19,18.171000000000003,18.269000000000002,18.206000000000003,18.236
0.0,0.0,6.63,7.09,17.6,57.119,0.0,0.0,0.0,0.0,0.0,0.0,0.0,0.0,0.0,7.091,7.0809999999999995,7.095,7.13,7.132,7.141,7.155,7.128,7.1419999999999995,7.124,7.163,7.082,7.168,7.092,7.114,7.166,7.169,7.139,7.147,7.1129999999999995,7.146,7.117,7.104,7.104,7.127,7.15,7.146,7.281,7.172,7.192,7.154,7.138,7.151,7.145,7.153,7.151,7.161,7.164,7.153,7.123,7.139,7.177,7.13,7.091,7.195,7.007,7.161,7.292,7.188,7.571,7.585,7.591,7.596,7.553,7.454,7.601,7.572,7.561999999999999,7.56,7.582,7.66,18.185000000000002,18.270000000000003,18.333000000000002,18.193,18.19,18.191000000000003,18.201,18.173000000000002,18.18,18.223000000000003,18.203000000000003,18.196,18.23,18.152,18.256,18.19,18.357000000000003,18.194000000000003,18.185000000000002,18.269000000000002,18.223000000000003,18.208000000000002,18.278000000000002,18.247,18.213,18.248,18.219,18.19,18.171000000000003,18.269000000000002,18.206000000000003,18.236
0.0,0.0,6.63,7.09,17.6,11.387,0.0,0.0,0.0,0.0,0.0,0.0,0.0,0.0,0.0,7.091,7.0809999999999995,7.095,7.13,7.132,7.141,7.155,7.128,7.1419999999999995,7.124,7.163,7.082,7.168,7.092,7.114,7.166,7.169,7.139,7.147,7.1129999999999995,7.146,7.117,7.104,7.104,7.127,7.15,7.146,7.281,7.172,7.192,7.154,7.138,7.151,7.145,7.153,7.151,7.161,7.164,7.153,7.123,7.139,7.177,7.13,7.091,7.195,7.007,7.161,7.292,7.188,7.571,7.585,7.591,7.596,7.553,7.454,7.601,7.572,7.561999999999999,7.56,7.582,7.66,18.185000000000002,18.270000000000003,18.333000000000002,18.193,18.19,18.191000000000003,18.201,18.173000000000002,18.18,18.223000000000003,18.203000000000003,18.196,18.23,18.152,18.256,18.19,18.357000000000003,18.194000000000003,18.185000000000002,18.269000000000002,18.223000000000003,18.208000000000002,18.278000000000002,18.247,18.213,18.248,18.219,18.19,18.171000000000003,18.269000000000002,18.206000000000003,18.236
0.0,0.0,6.63,7.09,17.6,19.521,0.0,0.0,0.0,0.0,0.0,0.0,0.0,0.0,0.0,7.091,7.0809999999999995,7.095,7.13,7.132,7.141,7.155,7.128,7.1419999999999995,7.124,7.163,7.082,7.168,7.092,7.114,7.166,7.169,7.139,7.147,7.1129999999999995,7.146,7.117,7.104,7.104,7.127,7.15,7.146,7.281,7.172,7.192,7.154,7.138,7.151,7.145,7.153,7.151,7.161,7.164,7.153,7.123,7.139,7.177,7.13,7.091,7.195,7.007,7.161,7.292,7.188,7.571,7.585,7.591,7.596,7.553,7.454,7.601,7.572,7.561999999999999,7.56,7.582,7.66,18.185000000000002,18.270000000000003,18.333000000000002,18.193,18.19,18.191000000000003,18.201,18.173000000000002,18.18,18.223000000000003,18.203000000000003,18.196,18.23,18.152,18.256,18.19,18.357000000000003,18.194000000000003,18.185000000000002,18.269000000000002,18.223000000000003,18.208000000000002,18.278000000000002,18.247,18.213,18.248,18.219,18.19,18.171000000000003,18.269000000000002,18.206000000000003,18.236
0.0,0.0,6.63,7.09,17.6,26.477,0.0,0.0,0.0,0.0,0.0,0.0,0.0,0.0,0.0,7.091,7.0809999999999995,7.095,7.13,7.132,7.141,7.155,7.128,7.1419999999999995,7.124,7.163,7.082,7.168,7.092,7.114,7.166,7.169,7.139,7.147,7.1129999999999995,7.146,7.117,7.104,7.104,7.127,7.15,7.146,7.281,7.172,7.192,7.154,7.138,7.151,7.145,7.153,7.151,7.161,7.164,7.153,7.123,7.139,7.177,7.13,7.091,7.195,7.007,7.161,7.292,7.188,7.571,7.585,7.591,7.596,7.553,7.454,7.601,7.572,7.561999999999999,7.56,7.582,7.66,18.185000000000002,18.270000000000003,18.333000000000002,18.193,18.19,18.191000000000003,18.201,18.173000000000002,18.18,18.223000000000003,18.203000000000003,18.196,18.23,18.152,18.256,18.19,18.357000000000003,18.194000000000003,18.185000000000002,18.269000000000002,18.223000000000003,18.208000000000002,18.278000000000002,18.247,18.213,18.248,18.219,18.19,18.171000000000003,18.269000000000002,18.206000000000003,18.236
0.0,0.0,6.63,7.09,17.6,14.586,0.0,0.0,0.0,0.0,0.0,0.0,0.0,0.0,0.0,7.091,7.0809999999999995,7.095,7.13,7.132,7.141,7.155,7.128,7.1419999999999995,7.124,7.163,7.082,7.168,7.092,7.114,7.166,7.169,7.139,7.147,7.1129999999999995,7.146,7.117,7.104,7.104,7.127,7.15,7.146,7.281,7.172,7.192,7.154,7.138,7.151,7.145,7.153,7.151,7.161,7.164,7.153,7.123,7.139,7.177,7.13,7.091,7.195,7.007,7.161,7.292,7.188,7.571,7.585,7.591,7.596,7.553,7.454,7.601,7.572,7.561999999999999,7.56,7.582,7.66,18.185000000000002,18.270000000000003,18.333000000000002,18.193,18.19,18.191000000000003,18.201,18.173000000000002,18.18,18.223000000000003,18.203000000000003,18.196,18.23,18.152,18.256,18.19,18.357000000000003,18.194000000000003,18.185000000000002,18.269000000000002,18.223000000000003,18.208000000000002,18.278000000000002,18.247,18.213,18.248,18.219,18.19,18.171000000000003,18.269000000000002,18.206000000000003,18.236
0.0,0.0,6.63,7.09,17.6,35.587,0.0,0.0,0.0,0.0,0.0,0.0,0.0,0.0,0.0,7.091,7.0809999999999995,7.095,7.13,7.132,7.141,7.155,7.128,7.1419999999999995,7.124,7.163,7.082,7.168,7.092,7.114,7.166,7.169,7.139,7.147,7.1129999999999995,7.146,7.117,7.104,7.104,7.127,7.15,7.146,7.281,7.172,7.192,7.154,7.138,7.151,7.145,7.153,7.151,7.161,7.164,7.153,7.123,7.139,7.177,7.13,7.091,7.195,7.007,7.161,7.292,7.188,7.571,7.585,7.591,7.596,7.553,7.454,7.601,7.572,7.561999999999999,7.56,7.582,7.66,18.185000000000002,18.270000000000003,18.333000000000002,18.193,18.19,18.191000000000003,18.201,18.173000000000002,18.18,18.223000000000003,18.203000000000003,18.196,18.23,18.152,18.256,18.19,18.357000000000003,18.194000000000003,18.185000000000002,18.269000000000002,18.223000000000003,18.208000000000002,18.278000000000002,18.247,18.213,18.248,18.219,18.19,18.171000000000003,18.269000000000002,18.206000000000003,18.236
0.0,0.0,6.63,7.09,17.6,12.911,0.0,0.0,0.0,0.0,0.0,0.0,0.0,0.0,0.0,7.091,7.0809999999999995,7.095,7.13,7.132,7.141,7.155,7.128,7.1419999999999995,7.124,7.163,7.082,7.168,7.092,7.114,7.166,7.169,7.139,7.147,7.1129999999999995,7.146,7.117,7.104,7.104,7.127,7.15,7.146,7.281,7.172,7.192,7.154,7.138,7.151,7.145,7.153,7.151,7.161,7.164,7.153,7.123,7.139,7.177,7.13,7.091,7.195,7.007,7.161,7.292,7.188,7.571,7.585,7.591,7.596,7.553,7.454,7.601,7.572,7.561999999999999,7.56,7.582,7.66,18.185000000000002,18.270000000000003,18.333000000000002,18.193,18.19,18.191000000000003,18.201,18.173000000000002,18.18,18.223000000000003,18.203000000000003,18.196,18.23,18.152,18.256,18.19,18.357000000000003,18.194000000000003,18.185000000000002,18.269000000000002,18.223000000000003,18.208000000000002,18.278000000000002,18.247,18.213,18.248,18.219,18.19,18.171000000000003,18.269000000000002,18.206000000000003,18.236
0.0,0.0,6.63,7.09,17.6,11.471,0.0,0.0,0.0,0.0,0.0,0.0,0.0,0.0,0.0,7.091,7.0809999999999995,7.095,7.13,7.132,7.141,7.155,7.128,7.1419999999999995,7.124,7.163,7.082,7.168,7.092,7.114,7.166,7.169,7.139,7.147,7.1129999999999995,7.146,7.117,7.104,7.104,7.127,7.15,7.146,7.281,7.172,7.192,7.154,7.138,7.151,7.145,7.153,7.151,7.161,7.164,7.153,7.123,7.139,7.177,7.13,7.091,7.195,7.007,7.161,7.292,7.188,7.571,7.585,7.591,7.596,7.553,7.454,7.601,7.572,7.561999999999999,7.56,7.582,7.66,18.185000000000002,18.270000000000003,18.333000000000002,18.193,18.19,18.191000000000003,18.201,18.173000000000002,18.18,18.223000000000003,18.203000000000003,18.196,18.23,18.152,18.256,18.19,18.357000000000003,18.194000000000003,18.185000000000002,18.269000000000002,18.223000000000003,18.208000000000002,18.278000000000002,18.247,18.213,18.248,18.219,18.19,18.171000000000003,18.269000000000002,18.206000000000003,18.236
0.0,0.0,6.63,7.09,17.6,11.419,0.0,0.0,0.0,0.0,0.0,0.0,0.0,0.0,0.0,7.091,7.0809999999999995,7.095,7.13,7.132,7.141,7.155,7.128,7.1419999999999995,7.124,7.163,7.082,7.168,7.092,7.114,7.166,7.169,7.139,7.147,7.1129999999999995,7.146,7.117,7.104,7.104,7.127,7.15,7.146,7.281,7.172,7.192,7.154,7.138,7.151,7.145,7.153,7.151,7.161,7.164,7.153,7.123,7.139,7.177,7.13,7.091,7.195,7.007,7.161,7.292,7.188,7.571,7.585,7.591,7.596,7.553,7.454,7.601,7.572,7.561999999999999,7.56,7.582,7.66,18.185000000000002,18.270000000000003,18.333000000000002,18.193,18.19,18.191000000000003,18.201,18.173000000000002,18.18,18.223000000000003,18.203000000000003,18.196,18.23,18.152,18.256,18.19,18.357000000000003,18.194000000000003,18.185000000000002,18.269000000000002,18.223000000000003,18.208000000000002,18.278000000000002,18.247,18.213,18.248,18.219,18.19,18.171000000000003,18.269000000000002,18.206000000000003,18.236
11.761000000000001,7.091,0.461,4.041,14.161,7.091,7.091,7.091,7.091,7.091,7.091,7.091,7.091,7.091,7.091,0.0,53.428,39.203,17.073,44.752,44.458,8.373,56.951,29.436,37.98,58.205,64.902,45.001,16.946,67.672,32.162,43.446,54.53,8.559,8.561,9.84,42.418,7.732,50.688,57.893,50.46,20.032,35.927,60.09,58.535,64.594,17.092,9.519,28.959,51.228,8.991,39.112,28.928,51.989,11.301,9.619,8.693,11.937,28.027,35.598,10.933,51.771,12.218,61.351,4.522,4.5360000000000005,4.542000000000001,4.547000000000001,4.5040000000000004,4.405,4.5520000000000005,4.523000000000001,4.513,4.511,4.533,4.611000000000001,14.745999999999999,14.831,14.894,14.754,14.751,14.751999999999999,14.762,14.734,14.741,14.783999999999999,14.764,14.757,14.791,14.713,14.817,14.751,14.918,14.754999999999999,14.745999999999999,14.83,14.783999999999999,14.769,14.839,14.808,14.774,14.809,14.78,14.751,14.732,14.83,14.767,14.796999999999999
11.751000000000001,7.0809999999999995,0.451,4.031,14.151,7.0809999999999995,7.0809999999999995,7.0809999999999995,7.0809999999999995,7.0809999999999995,7.0809999999999995,7.0809999999999995,7.0809999999999995,7.0809999999999995,7.0809999999999995,53.428,0.0,28.611,18.329,19.385,28.489,26.012,12.854,9.983,14.774,41.997,29.516,9.389,14.105,13.18,86.474,75.886,14.128,27.423,26.551,20.662,19.741,37.372,30.267,18.739,34.559,11.128,43.826,41.601,7.92,26.559,17.147,54.791,47.454,14.453,7.926,9.617,24.319,11.719,41.545,20.292,20.332,10.479,37.139,7.28,8.559,10.206,7.6,14.462,4.512,4.526,4.532,4.537,4.494,4.395,4.542,4.513,4.503,4.5009999999999994,4.523,4.601,14.736,14.821,14.884,14.744,14.741,14.741999999999999,14.751999999999999,14.724,14.731,14.774,14.754,14.747,14.781,14.703,14.807,14.741,14.908,14.745,14.736,14.82,14.774,14.759,14.829,14.798,14.764,14.799,14.77,14.741,14.722,14.82,14.757,14.786999999999999
11.765,7.095,0.465,4.045,14.165,7.095,7.095,7.095,7.095,7.095,7.095,7.095,7.095,7.095,7.095,39.203,28.611,0.0,8.241,33.779,7.607,44.848,6.967,15.705,9.116,43.697,12.026,8.289,17.752,20.062,15.594,8.88,15.233,21.834,46.585,8.879,7.524,9.437,12.218,32.306,28.027,16.185,39.944,14.772,10.16,40.187,28.159,23.191,14.491,9.332,13.131,14.064,15.702,14.453,7.92,43.769,20.016,9.2,41.627,6.645,21.946,7.28,13.659,7.281,4.526,4.54,4.546,4.551,4.508,4.409,4.556,4.527,4.5169999999999995,4.515,4.537,4.615,14.75,14.834999999999999,14.898,14.758,14.754999999999999,14.755999999999998,14.765999999999998,14.738,14.745,14.787999999999998,14.767999999999999,14.761,14.795,14.716999999999999,14.821,14.754999999999999,14.921999999999999,14.758999999999999,14.75,14.834,14.787999999999998,14.773,14.843,14.812,14.777999999999999,14.812999999999999,14.783999999999999,14.754999999999999,14.735999999999999,14.834,14.770999999999999,14.800999999999998
11.8,7.13,0.5,4.08,14.2,7.13,7.13,7.13,7.13,7.13,7.13,7.13,7.13,7.13,7.13,17.073,18.329,8.241,0.0,9.52,13.852,10.924,9.521,7.287,21.035,20.667,7.973,6.646,35.229,9.793,17.327,22.594,7.561,22.587,14.454,7.28,8.246,8.332,9.339,13.423,34.371,41.014,6.647,33.684,7.926,20.671,7.6,23.865,61.19,8.246,16.193,33.539,20.665,8.56,43.858,7.928,32.318,8.647,14.499,9.2,9.621,13.502,9.52,44.74,4.561,4.575,4.581,4.586,4.543,4.444,4.591,4.562,4.552,4.55,4.572,4.65,14.785,14.87,14.933,14.793,14.79,14.790999999999999,14.800999999999998,14.773,14.78,14.822999999999999,14.802999999999999,14.796,14.83,14.751999999999999,14.856,14.79,14.956999999999999,14.793999999999999,14.785,14.869,14.822999999999999,14.808,14.878,14.847,14.812999999999999,14.847999999999999,14.818999999999999,14.79,14.770999999999999,14.869,14.806,14.835999999999999
11.802000000000001,7.132,0.502,4.082,14.202,7.132,7.132,7.132,7.132,7.132,7.132,7.132,7.132,7.132,7.132,44.752,19.385,33.779,9.52,0.0,7.76,11.783,9.521,13.627,7.927,8.741,11.254,9.013,8.24,7.431,11.574,7.609,9.202,18.426,26.989,11.384,9.519,45.684,22.585,13.099,10.027,15.259,16.515,9.539,8.24,8.889,7.28,15.651,17.87,8.56,14.266,12.532,35.425,9.84,19.504,6.96,20.254,7.286,25.013,11.253,16.57,8.56,45.719,29.403,4.563,4.577,4.583,4.588,4.545,4.446,4.593,4.564,4.554,4.552,4.574,4.652,14.786999999999999,14.872,14.935,14.795,14.792,14.793,14.803,14.775,14.782,14.825,14.805,14.798,14.832,14.754,14.858,14.792,14.959,14.796,14.786999999999999,14.871,14.825,14.81,14.88,14.849,14.815,14.85,14.821,14.792,14.773,14.871,14.808,14.838
11.811,7.141,0.511,4.091,14.210999999999999,7.141,7.141,7.141,7.141,7.141,7.141,7.141,7.141,7.141,7.141,44.458,28.489,7.607,13.852,7.76,0.0,9.425,8.881,8.24,8.247,7.28,14.569,7.28,8.881,11.573,10.628,32.771,12.261,9.654,7.281,14.455,7.919,14.265,12.213,12.485,7.331,6.64,12.346,13.097,28.788,6.327,8.889,64.538,21.855,9.52,15.216,7.6,21.952,8.24,12.27,7.599,8.889,8.654,17.804,7.927,9.653,6.325,7.28,24.505,4.572,4.586,4.5920000000000005,4.597,4.554,4.455,4.602,4.573,4.563000000000001,4.561,4.583,4.6610000000000005,14.796,14.880999999999998,14.943999999999999,14.803999999999998,14.800999999999998,14.801999999999998,14.811999999999998,14.783999999999999,14.790999999999999,14.833999999999998,14.813999999999998,14.806999999999999,14.841,14.762999999999998,14.866999999999999,14.800999999999998,14.967999999999998,14.804999999999998,14.796,14.879999999999999,14.833999999999998,14.818999999999999,14.889,14.857999999999999,14.823999999999998,14.858999999999998,14.829999999999998,14.800999999999998,14.781999999999998,14.879999999999999,14.816999999999998,14.846999999999998
11.825000000000001,7.155,0.525,4.105,14.225,7.155,7.155,7.155,7.155,7.155,7.155,7.155,7.155,7.155,7.155,8.373,26.012,44.848,10.924,11.783,9.425,0.0,8.241,47.929,8.247,7.601,9.974,7.928,6.96,11.573,10.232,7.285,7.607,15.86,10.285,16.442,8.24,13.257,12.345,12.852,9.146,8.24,9.973,8.639,11.581,7.92,22.852,29.843,9.663,8.24,14.73,16.505,7.286,8.248,7.601,8.24,8.559,11.572,10.932,9.84,13.187,8.88,11.955,11.899,4.586,4.6000000000000005,4.606000000000001,4.611000000000001,4.5680000000000005,4.469,4.6160000000000005,4.587000000000001,4.577,4.575,4.597,4.675000000000001,14.809999999999999,14.895,14.958,14.818,14.815,14.815999999999999,14.826,14.798,14.805,14.847999999999999,14.828,14.821,14.855,14.777,14.881,14.815,14.982,14.818999999999999,14.809999999999999,14.894,14.847999999999999,14.833,14.903,14.872,14.838,14.873,14.844,14.815,14.796,14.894,14.831,14.860999999999999
11.798,7.128,0.498,4.078,14.197999999999999,7.128,7.128,7.128,7.128,7.128,7.128,7.128,7.128,7.128,7.128,56.951,12.854,6.967,9.521,9.521,8.881,8.241,0.0,8.568,6.646,7.926,7.303,7.92,7.605,12.214,12.025,8.692,8.241,8.765,10.293,8.879,8.879,42.543,17.785,7.606,9.84,21.73,12.025,8.569,8.568,8.88,9.685,13.038,38.217,19.857,11.715,6.645,7.883,7.287,8.246,6.965,6.646,9.496,7.92,7.968,35.518,7.606,6.974,8.419,4.559,4.573,4.579000000000001,4.5840000000000005,4.541,4.442,4.589,4.5600000000000005,4.550000000000001,4.548,4.57,4.648000000000001,14.782999999999998,14.867999999999999,14.931,14.790999999999999,14.787999999999998,14.788999999999998,14.799,14.770999999999999,14.777999999999999,14.820999999999998,14.800999999999998,14.793999999999999,14.828,14.749999999999998,14.854,14.787999999999998,14.954999999999998,14.791999999999998,14.782999999999998,14.866999999999999,14.820999999999998,14.806,14.876,14.844999999999999,14.810999999999998,14.845999999999998,14.816999999999998,14.787999999999998,14.768999999999998,14.866999999999999,14.803999999999998,14.833999999999998
11.812000000000001,7.1419999999999995,0.512,4.0920000000000005,14.212,7.1419999999999995,7.1419999999999995,7.1419999999999995,7.1419999999999995,7.1419999999999995,7.1419999999999995,7.1419999999999995,7.1419999999999995,7.1419999999999995,7.1419999999999995,29.436,9.983,15.705,7.287,13.627,8.24,47.929,8.568,0.0,9.153,7.92,23.364,7.897,6.967,7.601,14.329,22.586,9.84,8.059,6.961,9.52,9.528,11.248,11.26,8.367,8.24,10.48,24.639,10.16,11.252,7.286,14.092,21.386,14.093,6.96,9.291,7.279,9.973,20.031,6.646,8.56,7.919,9.199,13.209,7.286,12.532,6.966,9.942,11.736,4.573,4.587000000000001,4.593000000000001,4.598000000000001,4.555000000000001,4.456,4.603000000000001,4.574000000000001,4.564,4.562,4.5840000000000005,4.662000000000001,14.797,14.882,14.945,14.805,14.802,14.802999999999999,14.812999999999999,14.785,14.792,14.834999999999999,14.815,14.808,14.842,14.764,14.868,14.802,14.969,14.806,14.797,14.881,14.834999999999999,14.82,14.89,14.859,14.825,14.86,14.831,14.802,14.783,14.881,14.818,14.847999999999999
11.794,7.124,0.494,4.074,14.193999999999999,7.124,7.124,7.124,7.124,7.124,7.124,7.124,7.124,7.124,7.124,37.98,14.774,9.116,21.035,7.927,8.247,8.247,6.646,9.153,0.0,8.24,14.505,8.88,9.52,7.601,11.9,21.813,8.241,19.713,17.835,10.479,21.625,8.037,9.792,9.379,9.31,7.926,7.921,7.92,11.893,7.606,16.983,22.098,23.225,8.559,11.252,13.436,21.625,6.959,6.012,8.559,7.93,8.561,11.097,8.24,9.848,9.519,10.457,10.244,4.555,4.569,4.575,4.58,4.537,4.438,4.585,4.556,4.545999999999999,4.544,4.566,4.644,14.779,14.863999999999999,14.927,14.786999999999999,14.783999999999999,14.784999999999998,14.794999999999998,14.767,14.774,14.816999999999998,14.796999999999999,14.79,14.824,14.745999999999999,14.85,14.783999999999999,14.950999999999999,14.787999999999998,14.779,14.863,14.816999999999998,14.802,14.872,14.841,14.806999999999999,14.841999999999999,14.812999999999999,14.783999999999999,14.764999999999999,14.863,14.799999999999999,14.829999999999998
11.833,7.163,0.533,4.113,14.232999999999999,7.163,7.163,7.163,7.163,7.163,7.163,7.163,7.163,7.163,7.163,58.205,41.997,43.697,20.667,8.741,7.28,7.601,7.926,7.92,8.24,0.0,6.327,8.56,7.92,8.289,11.339,10.009,8.881,9.019,8.882,8.239,6.639,19.838,16.553,7.703,8.568,9.519,8.24,13.033,8.559,7.6,14.973,7.919,9.839,7.92,7.92,8.244,9.662,10.613,8.239,7.599,7.6,8.88,21.445,7.606,10.16,8.879,10.479,21.564,4.594,4.6080000000000005,4.614000000000001,4.619000000000001,4.5760000000000005,4.477,4.6240000000000006,4.595000000000001,4.585000000000001,4.583,4.605,4.683000000000001,14.817999999999998,14.902999999999999,14.966,14.825999999999999,14.822999999999999,14.823999999999998,14.834,14.806,14.812999999999999,14.855999999999998,14.835999999999999,14.828999999999999,14.863,14.784999999999998,14.889,14.822999999999999,14.989999999999998,14.826999999999998,14.817999999999998,14.902,14.855999999999998,14.841,14.911,14.879999999999999,14.845999999999998,14.880999999999998,14.851999999999999,14.822999999999999,14.803999999999998,14.902,14.838999999999999,14.868999999999998
11.752,7.082,0.452,4.032,14.152,7.082,7.082,7.082,7.082,7.082,7.082,7.082,7.082,7.082,7.082,64.902,29.516,12.026,7.973,11.254,14.569,9.974,7.303,23.364,14.505,6.327,0.0,9.704,6.96,8.881,9.333,8.56,6.96,8.966,6.646,8.88,11.62,9.139,33.407,12.532,8.561,6.96,8.56,8.88,10.271,6.96,26.239,7.668,9.941,7.6,12.853,9.839,13.22,9.52,7.6,7.926,9.201,7.92,28.159,8.273,7.286,8.889,13.61,9.086,4.513,4.527,4.533,4.538,4.495,4.396,4.543,4.514,4.504,4.502,4.524,4.602,14.736999999999998,14.822,14.885,14.745,14.741999999999999,14.742999999999999,14.753,14.725,14.732,14.774999999999999,14.754999999999999,14.748,14.782,14.703999999999999,14.808,14.741999999999999,14.908999999999999,14.745999999999999,14.736999999999998,14.821,14.774999999999999,14.76,14.83,14.799,14.764999999999999,14.799999999999999,14.770999999999999,14.741999999999999,14.722999999999999,14.821,14.758,14.787999999999998
11.838000000000001,7.168,0.538,4.118,14.238,7.168,7.168,7.168,7.168,7.168,7.168,7.168,7.168,7.168,7.168,45.001,9.389,8.289,6.646,9.013,7.28,7.928,7.92,7.897,8.88,8.56,9.704,0.0,8.56,9.2,32.945,34.691,8.879,8.879,8.559,17.471,9.521,7.074,15.835,11.573,7.926,7.607,6.326,9.2,7.92,8.879,8.651,6.655,7.286,7.28,8.248,8.24,10.298,7.919,7.285,6.325,6.645,7.289,23.1,6.325,9.252,7.606,10.745,6.654,4.599,4.613,4.619000000000001,4.6240000000000006,4.581,4.482,4.6290000000000004,4.6000000000000005,4.59,4.588,4.61,4.688000000000001,14.823,14.908,14.971,14.831,14.828,14.828999999999999,14.838999999999999,14.811,14.818,14.860999999999999,14.841,14.834,14.868,14.79,14.894,14.828,14.995,14.831999999999999,14.823,14.907,14.860999999999999,14.846,14.916,14.885,14.850999999999999,14.886,14.857,14.828,14.809,14.907,14.844,14.873999999999999
11.762,7.092,0.462,4.042,14.161999999999999,7.092,7.092,7.092,7.092,7.092,7.092,7.092,7.092,7.092,7.092,16.946,14.105,17.752,35.229,8.24,8.881,6.96,7.605,6.967,9.52,7.92,6.96,8.56,0.0,9.2,6.645,24.641,10.481,9.521,26.239,6.326,8.56,10.853,11.573,10.613,12.532,11.252,7.601,17.495,7.919,8.24,18.238,14.452,8.246,9.519,11.267,7.28,8.88,7.92,7.286,6.96,9.2,13.906,14.968,7.288,7.6,8.239,8.56,18.717,4.523,4.537,4.543,4.548,4.505,4.406,4.553,4.524,4.513999999999999,4.512,4.534,4.612,14.747,14.831999999999999,14.895,14.754999999999999,14.751999999999999,14.752999999999998,14.762999999999998,14.735,14.741999999999999,14.784999999999998,14.764999999999999,14.758,14.792,14.713999999999999,14.818,14.751999999999999,14.918999999999999,14.755999999999998,14.747,14.831,14.784999999999998,14.77,14.84,14.809,14.774999999999999,14.809999999999999,14.780999999999999,14.751999999999999,14.732999999999999,14.831,14.767999999999999,14.797999999999998
11.784,7.114,0.484,4.064,14.184,7.114,7.114,7.114,7.114,7.114,7.114,7.114,7.114,7.114,7.114,67.672,13.18,20.062,9.793,7.431,11.573,11.573,12.214,7.601,7.601,8.289,8.881,9.2,9.2,0.0,9.028,9.966,8.241,9.841,7.92,6.966,7.599,30.531,8.148,21.305,8.278,9.209,7.92,8.723,9.199,9.2,13.173,9.654,7.926,6.966,9.84,8.24,21.262,11.573,8.56,9.199,9.317,7.92,16.825,9.839,12.533,10.159,9.2,7.28,4.545,4.559,4.565,4.57,4.527,4.428,4.575,4.546,4.536,4.534,4.556,4.634,14.768999999999998,14.854,14.917,14.777,14.774,14.774999999999999,14.785,14.757,14.764,14.806999999999999,14.786999999999999,14.78,14.814,14.735999999999999,14.84,14.774,14.940999999999999,14.777999999999999,14.768999999999998,14.853,14.806999999999999,14.792,14.862,14.831,14.796999999999999,14.831999999999999,14.802999999999999,14.774,14.754999999999999,14.853,14.79,14.819999999999999
11.836,7.166,0.536,4.116,14.235999999999999,7.166,7.166,7.166,7.166,7.166,7.166,7.166,7.166,7.166,7.166,32.162,86.474,15.594,17.327,11.574,10.628,10.232,12.025,14.329,11.9,11.339,9.333,32.945,6.645,9.028,0.0,8.241,9.201,9.841,8.241,6.327,7.605,8.56,8.691,18.746,47.936,8.249,6.655,12.986,8.561,8.24,9.383,9.466,6.326,7.601,9.2,6.646,7.921,7.756,7.92,7.104,8.585,7.28,18.7,8.325,11.187,9.201,8.56,13.315,4.5969999999999995,4.611,4.617,4.622,4.579,4.4799999999999995,4.627,4.598,4.587999999999999,4.585999999999999,4.608,4.686,14.820999999999998,14.905999999999999,14.969,14.828999999999999,14.825999999999999,14.826999999999998,14.837,14.809,14.815999999999999,14.858999999999998,14.838999999999999,14.831999999999999,14.866,14.787999999999998,14.892,14.825999999999999,14.992999999999999,14.829999999999998,14.820999999999998,14.905,14.858999999999998,14.844,14.914,14.883,14.848999999999998,14.883999999999999,14.854999999999999,14.825999999999999,14.806999999999999,14.905,14.841999999999999,14.871999999999998
11.839,7.169,0.539,4.119,14.238999999999999,7.169,7.169,7.169,7.169,7.169,7.169,7.169,7.169,7.169,7.169,43.446,75.886,8.88,22.594,7.609,32.771,7.285,8.692,22.586,21.813,10.009,8.56,34.691,24.641,9.966,8.241,0.0,9.199,8.561,6.328,6.02,7.279,10.106,14.586,7.926,10.16,6.325,9.2,14.61,8.24,7.92,12.025,21.022,9.495,6.965,7.285,7.925,11.485,11.573,9.208,9.199,8.246,8.56,14.093,7.399,14.362,7.599,9.528,8.569,4.6,4.614,4.62,4.625,4.582,4.483,4.63,4.601,4.590999999999999,4.5889999999999995,4.611,4.689,14.823999999999998,14.908999999999999,14.972,14.831999999999999,14.828999999999999,14.829999999999998,14.84,14.812,14.818999999999999,14.861999999999998,14.841999999999999,14.834999999999999,14.869,14.790999999999999,14.895,14.828999999999999,14.995999999999999,14.832999999999998,14.823999999999998,14.908,14.861999999999998,14.847,14.917,14.886,14.851999999999999,14.886999999999999,14.857999999999999,14.828999999999999,14.809999999999999,14.908,14.844999999999999,14.874999999999998
11.809000000000001,7.139,0.509,4.089,14.209,7.139,7.139,7.139,7.139,7.139,7.139,7.139,7.139,7.139,7.139,54.53,14.128,15.233,7.561,9.202,12.261,7.607,8.241,9.84,8.241,8.881,6.96,8.879,10.481,8.241,9.201,9.199,0.0,8.56,7.6,6.327,10.16,9.868,22.266,6.012,24.116,13.439,8.56,13.653,7.286,7.288,17.411,10.48,10.044,8.56,7.286,8.559,36.152,6.961,6.335,8.24,9.333,8.242,11.301,6.96,8.241,7.601,9.84,13.388,4.57,4.5840000000000005,4.590000000000001,4.595000000000001,4.5520000000000005,4.453,4.6000000000000005,4.571000000000001,4.561,4.559,4.581,4.659000000000001,14.794,14.879,14.942,14.802,14.799,14.799999999999999,14.809999999999999,14.782,14.789,14.831999999999999,14.812,14.805,14.839,14.761,14.865,14.799,14.966,14.802999999999999,14.794,14.878,14.831999999999999,14.817,14.887,14.856,14.822,14.857,14.828,14.799,14.78,14.878,14.815,14.844999999999999
11.817,7.147,0.517,4.097,14.216999999999999,7.147,7.147,7.147,7.147,7.147,7.147,7.147,7.147,7.147,7.147,8.559,27.423,21.834,22.587,18.426,9.654,15.86,8.765,8.059,19.713,9.019,8.966,8.879,9.521,9.841,9.841,8.561,8.56,0.0,8.559,7.285,18.26,7.524,6.326,6.325,14.772,8.379,7.919,8.964,7.599,7.921,14.041,23.864,13.429,8.24,7.925,8.239,9.977,8.239,7.921,7.929,10.16,8.777,8.12,6.965,8.561,6.966,8.879,8.559,4.578,4.5920000000000005,4.598000000000001,4.603000000000001,4.5600000000000005,4.461,4.6080000000000005,4.579000000000001,4.569000000000001,4.567,4.589,4.667000000000001,14.802,14.886999999999999,14.95,14.809999999999999,14.806999999999999,14.807999999999998,14.817999999999998,14.79,14.796999999999999,14.839999999999998,14.819999999999999,14.812999999999999,14.847,14.768999999999998,14.873,14.806999999999999,14.973999999999998,14.810999999999998,14.802,14.886,14.839999999999998,14.825,14.895,14.863999999999999,14.829999999999998,14.864999999999998,14.835999999999999,14.806999999999999,14.787999999999998,14.886,14.822999999999999,14.852999999999998
11.783000000000001,7.1129999999999995,0.483,4.063,14.183,7.1129999999999995,7.1129999999999995,7.1129999999999995,7.1129999999999995,7.1129999999999995,7.1129999999999995,7.1129999999999995,7.1129999999999995,7.1129999999999995,7.1129999999999995,8.561,26.551,46.585,14.454,26.989,7.281,10.285,10.293,6.961,17.835,8.882,6.646,8.559,26.239,7.92,8.241,6.328,7.6,8.559,0.0,6.639,9.84,8.239,18.862,13.181,7.919,12.025,9.839,12.672,7.6,7.919,7.919,26.691,24.958,9.528,6.326,9.527,7.925,8.24,8.239,8.239,7.286,8.559,10.481,8.879,8.88,9.839,6.965,9.379,4.544,4.558,4.564,4.569,4.526,4.427,4.574,4.545,4.535,4.5329999999999995,4.555,4.633,14.768,14.853,14.916,14.776,14.773,14.774,14.783999999999999,14.756,14.763,14.806,14.786,14.779,14.813,14.735,14.839,14.773,14.94,14.777,14.768,14.852,14.806,14.791,14.861,14.83,14.796,14.831,14.802,14.773,14.754,14.852,14.789,14.818999999999999
11.816,7.146,0.516,4.096,14.216,7.146,7.146,7.146,7.146,7.146,7.146,7.146,7.146,7.146,7.146,9.84,20.662,8.879,7.28,11.384,14.455,16.442,8.879,9.52,10.479,8.239,8.88,17.471,6.326,6.966,6.327,6.02,6.327,7.285,6.639,0.0,7.926,8.88,43.121,23.226,37.428,7.607,9.52,8.361,9.841,42.378,6.64,7.606,20.346,7.92,7.919,6.966,11.574,12.853,7.601,9.2,6.011,7.925,8.561,10.141,6.646,19.705,9.109,19.147,4.577,4.591,4.597,4.602,4.559,4.46,4.607,4.578,4.568,4.566,4.588,4.666,14.800999999999998,14.886,14.949,14.809,14.806,14.806999999999999,14.817,14.789,14.796,14.838999999999999,14.818999999999999,14.812,14.846,14.767999999999999,14.872,14.806,14.972999999999999,14.809999999999999,14.800999999999998,14.885,14.838999999999999,14.824,14.894,14.863,14.828999999999999,14.863999999999999,14.834999999999999,14.806,14.786999999999999,14.885,14.822,14.851999999999999
11.787,7.117,0.487,4.067,14.187,7.117,7.117,7.117,7.117,7.117,7.117,7.117,7.117,7.117,7.117,42.418,19.741,7.524,8.246,9.519,7.919,8.24,8.879,9.528,21.625,6.639,11.62,9.521,8.56,7.599,7.605,7.279,10.16,18.26,9.84,7.926,0.0,8.559,18.327,17.583,11.198,7.605,13.864,6.959,9.198,9.516,26.691,45.199,17.506,35.255,7.925,32.765,13.353,30.41,9.527,7.918,8.245,9.839,8.244,6.965,6.639,6.011,6.645,12.58,4.548,4.562,4.5680000000000005,4.573,4.53,4.431,4.578,4.549,4.539,4.537,4.559,4.6370000000000005,14.771999999999998,14.857,14.92,14.78,14.777,14.777999999999999,14.788,14.76,14.767,14.809999999999999,14.79,14.783,14.817,14.738999999999999,14.843,14.777,14.943999999999999,14.780999999999999,14.771999999999998,14.856,14.809999999999999,14.795,14.865,14.834,14.799999999999999,14.834999999999999,14.806,14.777,14.758,14.856,14.793,14.822999999999999
11.774000000000001,7.104,0.474,4.054,14.174,7.104,7.104,7.104,7.104,7.104,7.104,7.104,7.104,7.104,7.104,7.732,37.372,9.437,8.332,45.684,14.265,13.257,42.543,11.248,8.037,19.838,9.139,7.074,10.853,30.531,8.56,10.106,9.868,7.524,8.239,8.88,8.559,0.0,13.863,7.6,17.133,7.599,33.499,7.616,9.52,20.666,38.179,26.287,32.542,15.099,9.928,12.859,41.401,12.651,48.375,8.56,7.298,14.344,10.06,8.56,7.92,24.265,9.52,13.578,4.535,4.549,4.555000000000001,4.5600000000000005,4.517,4.418,4.565,4.5360000000000005,4.526,4.524,4.546,4.6240000000000006,14.759,14.844,14.907,14.767,14.764,14.764999999999999,14.774999999999999,14.747,14.754,14.796999999999999,14.777,14.77,14.804,14.725999999999999,14.83,14.764,14.931,14.767999999999999,14.759,14.843,14.796999999999999,14.782,14.852,14.821,14.786999999999999,14.822,14.793,14.764,14.745,14.843,14.78,14.809999999999999
11.774000000000001,7.104,0.474,4.054,14.174,7.104,7.104,7.104,7.104,7.104,7.104,7.104,7.104,7.104,7.104,50.688,30.267,12.218,9.339,22.585,12.213,12.345,17.785,11.26,9.792,16.553,33.407,15.835,11.573,8.148,8.691,14.586,22.266,6.326,18.862,43.121,18.327,13.863,0.0,43.851,45.856,21.625,44.781,28.076,54.839,19.713,6.326,6.646,6.64,17.189,8.559,25.15,21.908,11.261,47.696,7.285,11.274,32.736,20.666,12.047,17.144,35.291,32.941,14.132,4.535,4.549,4.555000000000001,4.5600000000000005,4.517,4.418,4.565,4.5360000000000005,4.526,4.524,4.546,4.6240000000000006,14.759,14.844,14.907,14.767,14.764,14.764999999999999,14.774999999999999,14.747,14.754,14.796999999999999,14.777,14.77,14.804,14.725999999999999,14.83,14.764,14.931,14.767999999999999,14.759,14.843,14.796999999999999,14.782,14.852,14.821,14.786999999999999,14.822,14.793,14.764,14.745,14.843,14.78,14.809999999999999
11.797,7.127,0.497,4.077,14.197,7.127,7.127,7.127,7.127,7.127,7.127,7.127,7.127,7.127,7.127,57.893,18.739,32.306,13.423,13.099,12.485,12.852,7.606,8.367,9.379,7.703,12.532,11.573,10.613,21.305,18.746,7.926,6.012,6.325,13.181,23.226,17.583,7.6,43.851,0.0,8.843,72.094,9.2,7.926,9.147,22.722,21.947,53.519,23.633,7.617,9.2,22.383,41.753,18.433,11.8,6.96,12.676,6.646,11.307,19.605,7.926,9.653,9.654,21.801,4.558,4.572,4.578,4.583,4.54,4.441,4.588,4.559,4.5489999999999995,4.547,4.569,4.647,14.782,14.866999999999999,14.93,14.79,14.786999999999999,14.787999999999998,14.797999999999998,14.77,14.777,14.819999999999999,14.799999999999999,14.793,14.827,14.748999999999999,14.853,14.786999999999999,14.953999999999999,14.790999999999999,14.782,14.866,14.819999999999999,14.805,14.875,14.844,14.809999999999999,14.844999999999999,14.815999999999999,14.786999999999999,14.767999999999999,14.866,14.802999999999999,14.832999999999998
11.82,7.15,0.52,4.1,14.219999999999999,7.15,7.15,7.15,7.15,7.15,7.15,7.15,7.15,7.15,7.15,50.46,34.559,28.027,34.371,10.027,7.331,9.146,9.84,8.24,9.31,8.568,8.561,7.926,12.532,8.278,47.936,10.16,24.116,14.772,7.919,37.428,11.198,17.133,45.856,8.843,0.0,66.414,24.773,53.486,9.201,9.333,39.752,34.319,18.722,19.708,11.043,19.558,21.802,20.027,23.018,8.88,24.826,19.839,15.865,15.099,8.24,23.596,8.24,7.927,4.5809999999999995,4.595,4.601,4.606,4.563,4.4639999999999995,4.611,4.582,4.571999999999999,4.569999999999999,4.592,4.67,14.805,14.889999999999999,14.953,14.812999999999999,14.809999999999999,14.810999999999998,14.820999999999998,14.793,14.799999999999999,14.842999999999998,14.822999999999999,14.815999999999999,14.85,14.771999999999998,14.876,14.809999999999999,14.976999999999999,14.813999999999998,14.805,14.889,14.842999999999998,14.828,14.898,14.866999999999999,14.832999999999998,14.867999999999999,14.838999999999999,14.809999999999999,14.790999999999999,14.889,14.825999999999999,14.855999999999998
11.816,7.146,0.516,4.096,14.216,7.146,7.146,7.146,7.146,7.146,7.146,7.146,7.146,7.146,7.146,20.032,11.128,16.185,41.014,15.259,6.64,8.24,21.73,10.48,7.926,9.519,6.96,7.607,11.252,9.209,8.249,6.325,13.439,8.379,12.025,7.607,7.605,7.599,21.625,72.094,66.414,0.0,8.336,27.839,7.287,19.969,12.534,8.56,9.201,7.921,9.199,12.666,9.179,8.246,7.6,9.199,7.599,8.889,8.69,28.606,6.326,14.089,11.085,16.145,4.577,4.591,4.597,4.602,4.559,4.46,4.607,4.578,4.568,4.566,4.588,4.666,14.800999999999998,14.886,14.949,14.809,14.806,14.806999999999999,14.817,14.789,14.796,14.838999999999999,14.818999999999999,14.812,14.846,14.767999999999999,14.872,14.806,14.972999999999999,14.809999999999999,14.800999999999998,14.885,14.838999999999999,14.824,14.894,14.863,14.828999999999999,14.863999999999999,14.834999999999999,14.806,14.786999999999999,14.885,14.822,14.851999999999999
