grenoble,lille,paris,saclay,strasbourg,lille_20_m3-1,lille_20_m3-3,lille_20_m3-4,lille_20_m3-5,lille_20_m3-6,lille_20_m3-12,lille_20_m3-13,lille_20_m3-15,lille_20_m3-17,lille_20_m3-18,lille_20_m3-19,lille_20_m3-20,lille_20_m3-21,lille_20_m3-22,lille_20_m3-23,paris_m3-4,paris_m3-5,paris_m3-6,paris_m3-7,paris_m3-8,paris_m3-10,paris_m3-11,paris_m3-12,paris_m3-13,paris_m3-14,paris_m3-15,paris_m3-16,paris_m3-17,paris_m3-18,paris_m3-19,paris_m3-20,paris_m3-21,paris_m3-22,paris_m3-23,paris_m3-24,paris_m3-25,paris_m3-26,paris_m3-27,paris_m3-28,paris_m3-31,paris_m3-35,paris_m3-36,paris_m3-37,paris_m3-38,paris_m3-39,paris_m3-40,paris_m3-41,paris_m3-42,paris_m3-43,paris_m3-44,paris_m3-47,paris_m3-48,paris_m3-49,paris_m3-50,paris_m3-51,paris_m3-52,paris_m3-53,paris_m3-55,paris_m3-56,paris_m3-57,paris_m3-60,paris_m3-61,paris_m3-63,paris_m3-64,saclay_m3-1,saclay_m3-2,saclay_m3-3,saclay_m3-4,saclay_m3-5,saclay_m3-6,saclay_m3-7,saclay_m3-8,saclay_m3-9,saclay_m3-10,saclay_m3-11,saclay_m3-12,strasbourg_m3-2,strasbourg_m3-3,strasbourg_m3-6,strasbourg_m3-7,strasbourg_m3-12,strasbourg_m3-13,strasbourg_m3-14,strasbourg_m3-15,strasbourg_m3-18,strasbourg_m3-19,strasbourg_m3-23,strasbourg_m3-25,strasbourg_m3-28,strasbourg_m3-30,strasbourg_m3-31,strasbourg_m3-34,strasbourg_m3-35,strasbourg_m3-38,strasbourg_m3-40,strasbourg_m3-41,strasbourg_m3-42,strasbourg_m3-44,strasbourg_m3-45,strasbourg_m3-46,strasbourg_m3-47,strasbourg_m3-49,strasbourg_m3-51,strasbourg_m3-54,strasbourg_m3-55,strasbourg_m3-58,strasbourg_m3-59,strasbourg_m3-63
0.0,0.0,13.3,12.6,12.7,0.0,0.0,0.0,0.0,0.0,0.0,0.0,0.0,0.0,0.0,0.0,0.0,0.0,0.0,0.0,13.856000000000002,13.691,13.806000000000001,13.767000000000001,13.746,13.764000000000001,13.775,13.731,13.773000000000001,13.780000000000001,13.760000000000002,13.776,13.756,13.790000000000001,13.782,13.778,13.755,13.737,13.744000000000002,13.752,13.662,13.765,13.765,13.73,13.785,13.780000000000001,13.753,13.795,13.761000000000001,13.81,13.744000000000002,13.736,13.791,13.708,13.726,13.734,13.757000000000001,13.762,13.739,13.760000000000002,13.804,13.794,13.775,13.745000000000001,13.758000000000001,13.718,13.807,13.783000000000001,13.768,13.27,13.158,13.1,12.996,13.138,13.045,13.099,13.045,13.138,12.997,13.052999999999999,13.296,13.370999999999999,13.443999999999999,13.389,13.366999999999999,13.379999999999999,13.379999999999999,13.389999999999999,13.363,13.373999999999999,13.437999999999999,13.399999999999999,13.456,13.425999999999998,13.357999999999999,13.405999999999999,13.450999999999999,13.331,13.386,13.318,13.354999999999999,13.428999999999998,13.434,13.391,13.337,13.378,13.351999999999999,13.237,13.318999999999999,13.286999999999999,13.346,13.277999999999999,13.338999999999999
0.0,0.0,6.55,7.37,17.6,0.0,0.0,0.0,0.0,0.0,0.0,0.0,0.0,0.0,0.0,0.0,0.0,0.0,0.0,0.0,7.106,6.941,7.056,7.0169999999999995,6.9959999999999996,7.014,7.0249999999999995,6.981,7.023,7.029999999999999,7.01,7.026,7.006,7.04,7.032,7.028,7.005,6.987,6.994,7.002,6.912,7.015,7.015,6.9799999999999995,7.035,7.029999999999999,7.003,7.045,7.011,7.06,6.994,6.986,7.0409999999999995,6.958,6.976,6.984,7.007,7.012,6.989,7.01,7.054,7.044,7.0249999999999995,6.995,7.008,6.968,7.0569999999999995,7.0329999999999995,7.018,8.040000000000001,7.928,7.87,7.766,7.908,7.815,7.869,7.815,7.908,7.767,7.823,8.066,18.271,18.344,18.289,18.267000000000003,18.28,18.28,18.290000000000003,18.263,18.274,18.338,18.3,18.356,18.326,18.258000000000003,18.306,18.351000000000003,18.231,18.286,18.218,18.255000000000003,18.329,18.334000000000003,18.291,18.237000000000002,18.278000000000002,18.252000000000002,18.137,18.219,18.187,18.246000000000002,18.178,18.239
13.3,6.55,0.0,2.03,15.3,6.55,6.55,6.55,6.55,6.55,6.55,6.55,6.55,6.55,6.55,6.55,6.55,6.55,6.55,6.55,0.556,0.391,0.506,0.467,0.446,0.464,0.475,0.431,0.473,0.48,0.46,0.476,0.456,0.49,0.482,0.478,0.455,0.437,0.444,0.452,0.362,0.465,0.465,0.43,0.485,0.48,0.453,0.495,0.461,0.51,0.444,0.436,0.491,0.408,0.426,0.434,0.457,0.462,0.439,0.46,0.504,0.494,0.475,0.445,0.458,0.418,0.507,0.483,0.468,2.6999999999999997,2.588,2.53,2.4259999999999997,2.5679999999999996,2.4749999999999996,2.529,2.4749999999999996,2.5679999999999996,2.4269999999999996,2.4829999999999997,2.726,15.971,16.044,15.989,15.967,15.98,15.98,15.99,15.963000000000001,15.974,16.038,16.0,16.056,16.026,15.958,16.006,16.051000000000002,15.931000000000001,15.986,15.918000000000001,15.955,16.029,16.034,15.991000000000001,15.937000000000001,15.978000000000002,15.952,15.837000000000002,15.919,15.887,15.946000000000002,15.878,15.939
12.6,7.37,2.03,0.0,14.4,7.37,7.37,7.37,7.37,7.37,7.37,7.37,7.37,7.37,7.37,7.37,7.37,7.37,7.37,7.37,2.586,2.421,2.5359999999999996,2.497,2.476,2.4939999999999998,2.505,2.461,2.5029999999999997,2.51,2.4899999999999998,2.506,2.4859999999999998,2.5199999999999996,2.5119999999999996,2.508,2.485,2.4669999999999996,2.4739999999999998,2.4819999999999998,2.392,2.4949999999999997,2.4949999999999997,2.46,2.5149999999999997,2.51,2.4829999999999997,2.525,2.4909999999999997,2.54,2.4739999999999998,2.4659999999999997,2.521,2.4379999999999997,2.456,2.464,2.4869999999999997,2.492,2.469,2.4899999999999998,2.534,2.524,2.505,2.4749999999999996,2.488,2.448,2.537,2.513,2.4979999999999998,0.67,0.558,0.5,0.396,0.538,0.445,0.499,0.445,0.538,0.397,0.453,0.696,15.071,15.144,15.089,15.067,15.08,15.08,15.09,15.063,15.074,15.138,15.1,15.156,15.126000000000001,15.058,15.106,15.151,15.031,15.086,15.018,15.055,15.129,15.134,15.091000000000001,15.037,15.078000000000001,15.052,14.937000000000001,15.019,14.987,15.046000000000001,14.978,15.039
12.7,17.6,15.3,14.4,0.0,17.6,17.6,17.6,17.6,17.6,17.6,17.6,17.6,17.6,17.6,17.6,17.6,17.6,17.6,17.6,15.856000000000002,15.691,15.806000000000001,15.767000000000001,15.746,15.764000000000001,15.775,15.731,15.773000000000001,15.780000000000001,15.760000000000002,15.776,15.756,15.790000000000001,15.782,15.778,15.755,15.737,15.744000000000002,15.752,15.662,15.765,15.765,15.73,15.785,15.780000000000001,15.753,15.795,15.761000000000001,15.81,15.744000000000002,15.736,15.791,15.708,15.726,15.734,15.757000000000001,15.762,15.739,15.760000000000002,15.804,15.794,15.775,15.745000000000001,15.758000000000001,15.718,15.807,15.783000000000001,15.768,15.07,14.958,14.9,14.796000000000001,14.938,14.845,14.899000000000001,14.845,14.938,14.797,14.853,15.096,0.671,0.744,0.689,0.667,0.68,0.68,0.69,0.663,0.674,0.738,0.7,0.756,0.726,0.658,0.706,0.751,0.631,0.686,0.618,0.655,0.729,0.734,0.691,0.637,0.678,0.652,0.537,0.619,0.587,0.646,0.578,0.639
0.0,0.0,6.55,7.37,17.6,0.0,28.759,26.966,8.247,6.648,6.959,6.646,8.88,7.921,8.881,8.882,7.601,10.668,12.261,9.189,7.106,6.941,7.056,7.0169999999999995,6.9959999999999996,7.014,7.0249999999999995,6.981,7.023,7.029999999999999,7.01,7.026,7.006,7.04,7.032,7.028,7.005,6.987,6.994,7.002,6.912,7.015,7.015,6.9799999999999995,7.035,7.029999999999999,7.003,7.045,7.011,7.06,6.994,6.986,7.0409999999999995,6.958,6.976,6.984,7.007,7.012,6.989,7.01,7.054,7.044,7.0249999999999995,6.995,7.008,6.968,7.0569999999999995,7.0329999999999995,7.018,8.040000000000001,7.928,7.87,7.766,7.908,7.815,7.869,7.815,7.908,7.767,7.823,8.066,18.271,18.344,18.289,18.267000000000003,18.28,18.28,18.290000000000003,18.263,18.274,18.338,18.3,18.356,18.326,18.258000000000003,18.306,18.351000000000003,18.231,18.286,18.218,18.255000000000003,18.329,18.334000000000003,18.291,18.237000000000002,18.278000000000002,18.252000000000002,18.137,18.219,18.187,18.246000000000002,18.178,18.239
0.0,0.0,6.55,7.37,17.6,28.759,0.0,0.0,0.0,0.0,0.0,0.0,0.0,0.0,0.0,0.0,0.0,0.0,0.0,0.0,7.106,6.941,7.056,7.0169999999999995,6.9959999999999996,7.014,7.0249999999999995,6.981,7.023,7.029999999999999,7.01,7.026,7.006,7.04,7.032,7.028,7.005,6.987,6.994,7.002,6.912,7.015,7.015,6.9799999999999995,7.035,7.029999999999999,7.003,7.045,7.011,7.06,6.994,6.986,7.0409999999999995,6.958,6.976,6.984,7.007,7.012,6.989,7.01,7.054,7.044,7.0249999999999995,6.995,7.008,6.968,7.0569999999999995,7.0329999999999995,7.018,8.040000000000001,7.928,7.87,7.766,7.908,7.815,7.869,7.815,7.908,7.767,7.823,8.066,18.271,18.344,18.289,18.267000000000003,18.28,18.28,18.290000000000003,18.263,18.274,18.338,18.3,18.356,18.326,18.258000000000003,18.306,18.351000000000003,18.231,18.286,18.218,18.255000000000003,18.329,18.334000000000003,18.291,18.237000000000002,18.278000000000002,18.252000000000002,18.137,18.219,18.187,18.246000000000002,18.178,18.239
0.0,0.0,6.55,7.37,17.6,26.966,0.0,0.0,0.0,0.0,0.0,0.0,0.0,0.0,0.0,0.0,0.0,0.0,0.0,0.0,7.106,6.941,7.056,7.0169999999999995,6.9959999999999996,7.014,7.0249999999999995,6.981,7.023,7.029999999999999,7.01,7.026,7.006,7.04,7.032,7.028,7.005,6.987,6.994,7.002,6.912,7.015,7.015,6.9799999999999995,7.035,7.029999999999999,7.003,7.045,7.011,7.06,6.994,6.986,7.0409999999999995,6.958,6.976,6.984,7.007,7.012,6.989,7.01,7.054,7.044,7.0249999999999995,6.995,7.008,6.968,7.0569999999999995,7.0329999999999995,7.018,8.040000000000001,7.928,7.87,7.766,7.908,7.815,7.869,7.815,7.908,7.767,7.823,8.066,18.271,18.344,18.289,18.267000000000003,18.28,18.28,18.290000000000003,18.263,18.274,18.338,18.3,18.356,18.326,18.258000000000003,18.306,18.351000000000003,18.231,18.286,18.218,18.255000000000003,18.329,18.334000000000003,18.291,18.237000000000002,18.278000000000002,18.252000000000002,18.137,18.219,18.187,18.246000000000002,18.178,18.239
0.0,0.0,6.55,7.37,17.6,8.247,0.0,0.0,0.0,0.0,0.0,0.0,0.0,0.0,0.0,0.0,0.0,0.0,0.0,0.0,7.106,6.941,7.056,7.0169999999999995,6.9959999999999996,7.014,7.0249999999999995,6.981,7.023,7.029999999999999,7.01,7.026,7.006,7.04,7.032,7.028,7.005,6.987,6.994,7.002,6.912,7.015,7.015,6.9799999999999995,7.035,7.029999999999999,7.003,7.045,7.011,7.06,6.994,6.986,7.0409999999999995,6.958,6.976,6.984,7.007,7.012,6.989,7.01,7.054,7.044,7.0249999999999995,6.995,7.008,6.968,7.0569999999999995,7.0329999999999995,7.018,8.040000000000001,7.928,7.87,7.766,7.908,7.815,7.869,7.815,7.908,7.767,7.823,8.066,18.271,18.344,18.289,18.267000000000003,18.28,18.28,18.290000000000003,18.263,18.274,18.338,18.3,18.356,18.326,18.258000000000003,18.306,18.351000000000003,18.231,18.286,18.218,18.255000000000003,18.329,18.334000000000003,18.291,18.237000000000002,18.278000000000002,18.252000000000002,18.137,18.219,18.187,18.246000000000002,18.178,18.239
0.0,0.0,6.55,7.37,17.6,6.648,0.0,0.0,0.0,0.0,0.0,0.0,0.0,0.0,0.0,0.0,0.0,0.0,0.0,0.0,7.106,6.941,7.056,7.0169999999999995,6.9959999999999996,7.014,7.0249999999999995,6.981,7.023,7.029999999999999,7.01,7.026,7.006,7.04,7.032,7.028,7.005,6.987,6.994,7.002,6.912,7.015,7.015,6.9799999999999995,7.035,7.029999999999999,7.003,7.045,7.011,7.06,6.994,6.986,7.0409999999999995,6.958,6.976,6.984,7.007,7.012,6.989,7.01,7.054,7.044,7.0249999999999995,6.995,7.008,6.968,7.0569999999999995,7.0329999999999995,7.018,8.040000000000001,7.928,7.87,7.766,7.908,7.815,7.869,7.815,7.908,7.767,7.823,8.066,18.271,18.344,18.289,18.267000000000003,18.28,18.28,18.290000000000003,18.263,18.274,18.338,18.3,18.356,18.326,18.258000000000003,18.306,18.351000000000003,18.231,18.286,18.218,18.255000000000003,18.329,18.334000000000003,18.291,18.237000000000002,18.278000000000002,18.252000000000002,18.137,18.219,18.187,18.246000000000002,18.178,18.239
0.0,0.0,6.55,7.37,17.6,6.959,0.0,0.0,0.0,0.0,0.0,0.0,0.0,0.0,0.0,0.0,0.0,0.0,0.0,0.0,7.106,6.941,7.056,7.0169999999999995,6.9959999999999996,7.014,7.0249999999999995,6.981,7.023,7.029999999999999,7.01,7.026,7.006,7.04,7.032,7.028,7.005,6.987,6.994,7.002,6.912,7.015,7.015,6.9799999999999995,7.035,7.029999999999999,7.003,7.045,7.011,7.06,6.994,6.986,7.0409999999999995,6.958,6.976,6.984,7.007,7.012,6.989,7.01,7.054,7.044,7.0249999999999995,6.995,7.008,6.968,7.0569999999999995,7.0329999999999995,7.018,8.040000000000001,7.928,7.87,7.766,7.908,7.815,7.869,7.815,7.908,7.767,7.823,8.066,18.271,18.344,18.289,18.267000000000003,18.28,18.28,18.290000000000003,18.263,18.274,18.338,18.3,18.356,18.326,18.258000000000003,18.306,18.351000000000003,18.231,18.286,18.218,18.255000000000003,18.329,18.334000000000003,18.291,18.237000000000002,18.278000000000002,18.252000000000002,18.137,18.219,18.187,18.246000000000002,18.178,18.239
0.0,0.0,6.55,7.37,17.6,6.646,0.0,0.0,0.0,0.0,0.0,0.0,0.0,0.0,0.0,0.0,0.0,0.0,0.0,0.0,7.106,6.941,7.056,7.0169999999999995,6.9959999999999996,7.014,7.0249999999999995,6.981,7.023,7.029999999999999,7.01,7.026,7.006,7.04,7.032,7.028,7.005,6.987,6.994,7.002,6.912,7.015,7.015,6.9799999999999995,7.035,7.029999999999999,7.003,7.045,7.011,7.06,6.994,6.986,7.0409999999999995,6.958,6.976,6.984,7.007,7.012,6.989,7.01,7.054,7.044,7.0249999999999995,6.995,7.008,6.968,7.0569999999999995,7.0329999999999995,7.018,8.040000000000001,7.928,7.87,7.766,7.908,7.815,7.869,7.815,7.908,7.767,7.823,8.066,18.271,18.344,18.289,18.267000000000003,18.28,18.28,18.290000000000003,18.263,18.274,18.338,18.3,18.356,18.326,18.258000000000003,18.306,18.351000000000003,18.231,18.286,18.218,18.255000000000003,18.329,18.334000000000003,18.291,18.237000000000002,18.278000000000002,18.252000000000002,18.137,18.219,18.187,18.246000000000002,18.178,18.239
0.0,0.0,6.55,7.37,17.6,8.88,0.0,0.0,0.0,0.0,0.0,0.0,0.0,0.0,0.0,0.0,0.0,0.0,0.0,0.0,7.106,6.941,7.056,7.0169999999999995,6.9959999999999996,7.014,7.0249999999999995,6.981,7.023,7.029999999999999,7.01,7.026,7.006,7.04,7.032,7.028,7.005,6.987,6.994,7.002,6.912,7.015,7.015,6.9799999999999995,7.035,7.029999999999999,7.003,7.045,7.011,7.06,6.994,6.986,7.0409999999999995,6.958,6.976,6.984,7.007,7.012,6.989,7.01,7.054,7.044,7.0249999999999995,6.995,7.008,6.968,7.0569999999999995,7.0329999999999995,7.018,8.040000000000001,7.928,7.87,7.766,7.908,7.815,7.869,7.815,7.908,7.767,7.823,8.066,18.271,18.344,18.289,18.267000000000003,18.28,18.28,18.290000000000003,18.263,18.274,18.338,18.3,18.356,18.326,18.258000000000003,18.306,18.351000000000003,18.231,18.286,18.218,18.255000000000003,18.329,18.334000000000003,18.291,18.237000000000002,18.278000000000002,18.252000000000002,18.137,18.219,18.187,18.246000000000002,18.178,18.239
0.0,0.0,6.55,7.37,17.6,7.921,0.0,0.0,0.0,0.0,0.0,0.0,0.0,0.0,0.0,0.0,0.0,0.0,0.0,0.0,7.106,6.941,7.056,7.0169999999999995,6.9959999999999996,7.014,7.0249999999999995,6.981,7.023,7.029999999999999,7.01,7.026,7.006,7.04,7.032,7.028,7.005,6.987,6.994,7.002,6.912,7.015,7.015,6.9799999999999995,7.035,7.029999999999999,7.003,7.045,7.011,7.06,6.994,6.986,7.0409999999999995,6.958,6.976,6.984,7.007,7.012,6.989,7.01,7.054,7.044,7.0249999999999995,6.995,7.008,6.968,7.0569999999999995,7.0329999999999995,7.018,8.040000000000001,7.928,7.87,7.766,7.908,7.815,7.869,7.815,7.908,7.767,7.823,8.066,18.271,18.344,18.289,18.267000000000003,18.28,18.28,18.290000000000003,18.263,18.274,18.338,18.3,18.356,18.326,18.258000000000003,18.306,18.351000000000003,18.231,18.286,18.218,18.255000000000003,18.329,18.334000000000003,18.291,18.237000000000002,18.278000000000002,18.252000000000002,18.137,18.219,18.187,18.246000000000002,18.178,18.239
0.0,0.0,6.55,7.37,17.6,8.881,0.0,0.0,0.0,0.0,0.0,0.0,0.0,0.0,0.0,0.0,0.0,0.0,0.0,0.0,7.106,6.941,7.056,7.0169999999999995,6.9959999999999996,7.014,7.0249999999999995,6.981,7.023,7.029999999999999,7.01,7.026,7.006,7.04,7.032,7.028,7.005,6.987,6.994,7.002,6.912,7.015,7.015,6.9799999999999995,7.035,7.029999999999999,7.003,7.045,7.011,7.06,6.994,6.986,7.0409999999999995,6.958,6.976,6.984,7.007,7.012,6.989,7.01,7.054,7.044,7.0249999999999995,6.995,7.008,6.968,7.0569999999999995,7.0329999999999995,7.018,8.040000000000001,7.928,7.87,7.766,7.908,7.815,7.869,7.815,7.908,7.767,7.823,8.066,18.271,18.344,18.289,18.267000000000003,18.28,18.28,18.290000000000003,18.263,18.274,18.338,18.3,18.356,18.326,18.258000000000003,18.306,18.351000000000003,18.231,18.286,18.218,18.255000000000003,18.329,18.334000000000003,18.291,18.237000000000002,18.278000000000002,18.252000000000002,18.137,18.219,18.187,18.246000000000002,18.178,18.239
0.0,0.0,6.55,7.37,17.6,8.882,0.0,0.0,0.0,0.0,0.0,0.0,0.0,0.0,0.0,0.0,0.0,0.0,0.0,0.0,7.106,6.941,7.056,7.0169999999999995,6.9959999999999996,7.014,7.0249999999999995,6.981,7.023,7.029999999999999,7.01,7.026,7.006,7.04,7.032,7.028,7.005,6.987,6.994,7.002,6.912,7.015,7.015,6.9799999999999995,7.035,7.029999999999999,7.003,7.045,7.011,7.06,6.994,6.986,7.0409999999999995,6.958,6.976,6.984,7.007,7.012,6.989,7.01,7.054,7.044,7.0249999999999995,6.995,7.008,6.968,7.0569999999999995,7.0329999999999995,7.018,8.040000000000001,7.928,7.87,7.766,7.908,7.815,7.869,7.815,7.908,7.767,7.823,8.066,18.271,18.344,18.289,18.267000000000003,18.28,18.28,18.290000000000003,18.263,18.274,18.338,18.3,18.356,18.326,18.258000000000003,18.306,18.351000000000003,18.231,18.286,18.218,18.255000000000003,18.329,18.334000000000003,18.291,18.237000000000002,18.278000000000002,18.252000000000002,18.137,18.219,18.187,18.246000000000002,18.178,18.239
0.0,0.0,6.55,7.37,17.6,7.601,0.0,0.0,0.0,0.0,0.0,0.0,0.0,0.0,0.0,0.0,0.0,0.0,0.0,0.0,7.106,6.941,7.056,7.0169999999999995,6.9959999999999996,7.014,7.0249999999999995,6.981,7.023,7.029999999999999,7.01,7.026,7.006,7.04,7.032,7.028,7.005,6.987,6.994,7.002,6.912,7.015,7.015,6.9799999999999995,7.035,7.029999999999999,7.003,7.045,7.011,7.06,6.994,6.986,7.0409999999999995,6.958,6.976,6.984,7.007,7.012,6.989,7.01,7.054,7.044,7.0249999999999995,6.995,7.008,6.968,7.0569999999999995,7.0329999999999995,7.018,8.040000000000001,7.928,7.87,7.766,7.908,7.815,7.869,7.815,7.908,7.767,7.823,8.066,18.271,18.344,18.289,18.267000000000003,18.28,18.28,18.290000000000003,18.263,18.274,18.338,18.3,18.356,18.326,18.258000000000003,18.306,18.351000000000003,18.231,18.286,18.218,18.255000000000003,18.329,18.334000000000003,18.291,18.237000000000002,18.278000000000002,18.252000000000002,18.137,18.219,18.187,18.246000000000002,18.178,18.239
0.0,0.0,6.55,7.37,17.6,10.668,0.0,0.0,0.0,0.0,0.0,0.0,0.0,0.0,0.0,0.0,0.0,0.0,0.0,0.0,7.106,6.941,7.056,7.0169999999999995,6.9959999999999996,7.014,7.0249999999999995,6.981,7.023,7.029999999999999,7.01,7.026,7.006,7.04,7.032,7.028,7.005,6.987,6.994,7.002,6.912,7.015,7.015,6.9799999999999995,7.035,7.029999999999999,7.003,7.045,7.011,7.06,6.994,6.986,7.0409999999999995,6.958,6.976,6.984,7.007,7.012,6.989,7.01,7.054,7.044,7.0249999999999995,6.995,7.008,6.968,7.0569999999999995,7.0329999999999995,7.018,8.040000000000001,7.928,7.87,7.766,7.908,7.815,7.869,7.815,7.908,7.767,7.823,8.066,18.271,18.344,18.289,18.267000000000003,18.28,18.28,18.290000000000003,18.263,18.274,18.338,18.3,18.356,18.326,18.258000000000003,18.306,18.351000000000003,18.231,18.286,18.218,18.255000000000003,18.329,18.334000000000003,18.291,18.237000000000002,18.278000000000002,18.252000000000002,18.137,18.219,18.187,18.246000000000002,18.178,18.239
0.0,0.0,6.55,7.37,17.6,12.261,0.0,0.0,0.0,0.0,0.0,0.0,0.0,0.0,0.0,0.0,0.0,0.0,0.0,0.0,7.106,6.941,7.056,7.0169999999999995,6.9959999999999996,7.014,7.0249999999999995,6.981,7.023,7.029999999999999,7.01,7.026,7.006,7.04,7.032,7.028,7.005,6.987,6.994,7.002,6.912,7.015,7.015,6.9799999999999995,7.035,7.029999999999999,7.003,7.045,7.011,7.06,6.994,6.986,7.0409999999999995,6.958,6.976,6.984,7.007,7.012,6.989,7.01,7.054,7.044,7.0249999999999995,6.995,7.008,6.968,7.0569999999999995,7.0329999999999995,7.018,8.040000000000001,7.928,7.87,7.766,7.908,7.815,7.869,7.815,7.908,7.767,7.823,8.066,18.271,18.344,18.289,18.267000000000003,18.28,18.28,18.290000000000003,18.263,18.274,18.338,18.3,18.356,18.326,18.258000000000003,18.306,18.351000000000003,18.231,18.286,18.218,18.255000000000003,18.329,18.334000000000003,18.291,18.237000000000002,18.278000000000002,18.252000000000002,18.137,18.219,18.187,18.246000000000002,18.178,18.239
0.0,0.0,6.55,7.37,17.6,9.189,0.0,0.0,0.0,0.0,0.0,0.0,0.0,0.0,0.0,0.0,0.0,0.0,0.0,0.0,7.106,6.941,7.056,7.0169999999999995,6.9959999999999996,7.014,7.0249999999999995,6.981,7.023,7.029999999999999,7.01,7.026,7.006,7.04,7.032,7.028,7.005,6.987,6.994,7.002,6.912,7.015,7.015,6.9799999999999995,7.035,7.029999999999999,7.003,7.045,7.011,7.06,6.994,6.986,7.0409999999999995,6.958,6.976,6.984,7.007,7.012,6.989,7.01,7.054,7.044,7.0249999999999995,6.995,7.008,6.968,7.0569999999999995,7.0329999999999995,7.018,8.040000000000001,7.928,7.87,7.766,7.908,7.815,7.869,7.815,7.908,7.767,7.823,8.066,18.271,18.344,18.289,18.267000000000003,18.28,18.28,18.290000000000003,18.263,18.274,18.338,18.3,18.356,18.326,18.258000000000003,18.306,18.351000000000003,18.231,18.286,18.218,18.255000000000003,18.329,18.334000000000003,18.291,18.237000000000002,18.278000000000002,18.252000000000002,18.137,18.219,18.187,18.246000000000002,18.178,18.239
13.856000000000002,7.106,0.556,2.586,15.856000000000002,7.106,7.106,7.106,7.106,7.106,7.106,7.106,7.106,7.106,7.106,7.106,7.106,7.106,7.106,7.106,0.0,64.192,29.79,38.333,59.566,37.912,34.728,34.051,79.476,21.442,13.851,28.112,11.084,11.123,25.439,65.878,75.401,47.006,35.965,35.466,92.501,57.194,62.975,10.48,67.759,16.857,56.013,12.038,54.863,40.306,57.606,8.847,43.539,25.04,8.832,48.663,28.259,8.872,27.826,13.813,45.83,7.92,23.358,12.213,11.898,43.124,26.361,36.319,58.914,3.256,3.144,3.086,2.9819999999999998,3.1239999999999997,3.0309999999999997,3.085,3.0309999999999997,3.1239999999999997,2.9829999999999997,3.0389999999999997,3.282,16.527,16.6,16.545,16.523000000000003,16.536,16.536,16.546000000000003,16.519000000000002,16.53,16.594,16.556,16.612000000000002,16.582,16.514000000000003,16.562,16.607000000000003,16.487000000000002,16.542,16.474,16.511000000000003,16.585,16.590000000000003,16.547,16.493000000000002,16.534000000000002,16.508000000000003,16.393,16.475,16.443,16.502000000000002,16.434,16.495
13.691,6.941,0.391,2.421,15.691,6.941,6.941,6.941,6.941,6.941,6.941,6.941,6.941,6.941,6.941,6.941,6.941,6.941,6.941,6.941,64.192,0.0,33.586,27.47,7.92,10.615,52.269,21.623,13.642,15.614,12.533,15.039,12.814,7.081,36.149,6.647,10.614,7.601,28.13,12.714,18.106,9.94,16.081,23.641,7.656,12.711,8.845,9.999,21.206,23.543,8.871,9.307,13.915,36.138,58.071,10.48,33.402,17.906,8.559,12.534,9.209,24.078,7.28,7.286,7.85,26.013,8.44,9.956,9.003,3.0909999999999997,2.979,2.921,2.8169999999999997,2.9589999999999996,2.8659999999999997,2.92,2.8659999999999997,2.9589999999999996,2.8179999999999996,2.8739999999999997,3.117,16.362000000000002,16.435000000000002,16.38,16.358,16.371000000000002,16.371000000000002,16.381,16.354,16.365000000000002,16.429000000000002,16.391000000000002,16.447,16.417,16.349,16.397000000000002,16.442,16.322,16.377000000000002,16.309,16.346,16.42,16.425,16.382,16.328,16.369,16.343,16.228,16.310000000000002,16.278000000000002,16.337,16.269000000000002,16.330000000000002
13.806000000000001,7.056,0.506,2.5359999999999996,15.806000000000001,7.056,7.056,7.056,7.056,7.056,7.056,7.056,7.056,7.056,7.056,7.056,7.056,7.056,7.056,7.056,29.79,33.586,0.0,27.166,23.126,12.86,44.005,11.273,26.559,25.264,9.298,27.528,8.88,10.805,12.901,7.927,11.253,7.282,24.366,7.929,7.286,19.538,7.527,23.152,8.24,6.326,20.289,12.731,10.104,8.733,15.256,7.92,10.16,7.28,18.426,21.626,10.276,31.893,9.2,8.961,22.718,40.317,11.573,8.442,20.602,10.061,7.92,30.483,12.213,3.2059999999999995,3.0939999999999994,3.0359999999999996,2.9319999999999995,3.074,2.9809999999999994,3.0349999999999997,2.9809999999999994,3.074,2.933,2.9889999999999994,3.2319999999999993,16.477,16.55,16.495,16.473000000000003,16.486,16.486,16.496000000000002,16.469,16.48,16.544,16.506,16.562,16.532,16.464000000000002,16.512,16.557000000000002,16.437,16.492,16.424,16.461000000000002,16.535,16.54,16.497,16.443,16.484,16.458000000000002,16.343,16.425,16.393,16.452,16.384,16.445
13.767000000000001,7.0169999999999995,0.467,2.497,15.767000000000001,7.0169999999999995,7.0169999999999995,7.0169999999999995,7.0169999999999995,7.0169999999999995,7.0169999999999995,7.0169999999999995,7.0169999999999995,7.0169999999999995,7.0169999999999995,7.0169999999999995,7.0169999999999995,7.0169999999999995,7.0169999999999995,7.0169999999999995,38.333,27.47,27.166,0.0,8.925,10.13,13.035,7.281,32.132,23.678,11.456,9.183,8.247,9.63,25.775,8.247,8.246,28.16,17.729,7.169,7.606,9.519,8.612,6.96,9.519,6.326,10.16,6.647,7.288,8.56,7.28,19.333,9.52,11.601,9.832,13.182,7.925,9.223,9.201,8.245,8.24,52.472,9.84,11.898,20.665,27.392,6.96,13.445,9.363,3.167,3.0549999999999997,2.997,2.893,3.035,2.9419999999999997,2.996,2.9419999999999997,3.035,2.894,2.9499999999999997,3.1929999999999996,16.438000000000002,16.511000000000003,16.456,16.434,16.447000000000003,16.447000000000003,16.457,16.43,16.441000000000003,16.505000000000003,16.467000000000002,16.523,16.493000000000002,16.425,16.473000000000003,16.518,16.398,16.453000000000003,16.385,16.422,16.496000000000002,16.501,16.458000000000002,16.404,16.445,16.419,16.304000000000002,16.386000000000003,16.354000000000003,16.413,16.345000000000002,16.406000000000002
13.746,6.9959999999999996,0.446,2.476,15.746,6.9959999999999996,6.9959999999999996,6.9959999999999996,6.9959999999999996,6.9959999999999996,6.9959999999999996,6.9959999999999996,6.9959999999999996,6.9959999999999996,6.9959999999999996,6.9959999999999996,6.9959999999999996,6.9959999999999996,6.9959999999999996,6.9959999999999996,59.566,7.92,23.126,8.925,0.0,6.327,9.19,7.602,12.104,13.594,8.24,8.361,8.881,7.287,8.246,7.607,6.976,9.974,11.226,9.654,6.326,8.625,46.475,9.973,8.24,6.965,8.246,23.945,19.702,13.813,9.199,7.965,23.408,11.893,7.926,11.528,25.412,37.608,9.84,11.097,9.042,35.497,18.616,6.963,8.561,18.106,8.56,37.713,8.56,3.146,3.034,2.976,2.872,3.0140000000000002,2.921,2.975,2.921,3.0140000000000002,2.873,2.929,3.1719999999999997,16.417,16.490000000000002,16.435,16.413,16.426000000000002,16.426000000000002,16.436,16.409,16.42,16.484,16.446,16.502,16.472,16.404,16.452,16.497,16.377,16.432000000000002,16.364,16.401,16.475,16.48,16.437,16.383,16.424,16.398,16.283,16.365000000000002,16.333000000000002,16.392,16.324,16.385
13.764000000000001,7.014,0.464,2.4939999999999998,15.764000000000001,7.014,7.014,7.014,7.014,7.014,7.014,7.014,7.014,7.014,7.014,7.014,7.014,7.014,7.014,7.014,37.912,10.615,12.86,10.13,6.327,0.0,10.015,6.326,11.652,12.853,8.248,8.033,8.561,9.338,10.571,6.328,6.647,7.428,31.993,14.751,7.28,8.879,17.648,25.303,7.6,9.591,8.246,34.372,27.651,8.88,8.88,7.601,6.645,44.66,10.981,11.893,7.599,34.402,7.926,11.417,8.372,7.279,9.199,6.647,7.92,6.646,18.425,9.385,7.606,3.1639999999999997,3.0519999999999996,2.9939999999999998,2.8899999999999997,3.032,2.9389999999999996,2.993,2.9389999999999996,3.032,2.891,2.9469999999999996,3.1899999999999995,16.435000000000002,16.508000000000003,16.453,16.431,16.444000000000003,16.444000000000003,16.454,16.427,16.438000000000002,16.502000000000002,16.464000000000002,16.52,16.490000000000002,16.422,16.470000000000002,16.515,16.395,16.450000000000003,16.382,16.419,16.493000000000002,16.498,16.455000000000002,16.401,16.442,16.416,16.301000000000002,16.383000000000003,16.351000000000003,16.41,16.342000000000002,16.403000000000002
13.775,7.0249999999999995,0.475,2.505,15.775,7.0249999999999995,7.0249999999999995,7.0249999999999995,7.0249999999999995,7.0249999999999995,7.0249999999999995,7.0249999999999995,7.0249999999999995,7.0249999999999995,7.0249999999999995,7.0249999999999995,7.0249999999999995,7.0249999999999995,7.0249999999999995,7.0249999999999995,34.728,52.269,44.005,13.035,9.19,10.015,0.0,9.95,6.335,11.254,8.879,28.271,6.966,9.16,9.466,7.946,8.561,11.606,26.177,9.52,16.333,8.561,33.906,29.381,6.645,9.519,10.48,9.84,39.133,8.88,7.296,14.428,8.241,15.344,8.56,39.309,7.607,22.56,9.201,7.934,10.878,6.655,6.646,9.2,6.646,19.566,9.2,10.057,7.287,3.175,3.0629999999999997,3.005,2.901,3.043,2.9499999999999997,3.004,2.9499999999999997,3.043,2.902,2.9579999999999997,3.2009999999999996,16.446,16.519000000000002,16.464,16.442,16.455000000000002,16.455000000000002,16.465,16.438,16.449,16.513,16.475,16.531,16.501,16.433,16.481,16.526,16.406,16.461000000000002,16.393,16.43,16.504,16.509,16.466,16.412,16.453,16.427,16.312,16.394000000000002,16.362000000000002,16.421,16.353,16.414
13.731,6.981,0.431,2.461,15.731,6.981,6.981,6.981,6.981,6.981,6.981,6.981,6.981,6.981,6.981,6.981,6.981,6.981,6.981,6.981,34.051,21.623,11.273,7.281,7.602,6.326,9.95,0.0,7.606,11.893,29.298,6.646,7.92,11.439,9.98,6.961,8.242,7.553,8.241,9.521,18.106,8.239,8.568,11.254,7.599,8.559,8.56,9.209,7.289,6.646,6.326,8.873,6.641,9.839,11.892,12.213,11.892,33.731,7.928,22.585,22.905,10.933,9.52,8.879,8.239,10.933,7.92,14.452,7.605,3.131,3.019,2.961,2.8569999999999998,2.9989999999999997,2.9059999999999997,2.96,2.9059999999999997,2.9989999999999997,2.8579999999999997,2.9139999999999997,3.157,16.402,16.475,16.419999999999998,16.398,16.411,16.411,16.421,16.394,16.405,16.469,16.431,16.487,16.457,16.389,16.437,16.482,16.362,16.417,16.349,16.386,16.46,16.465,16.422,16.368,16.409,16.383,16.268,16.35,16.318,16.377,16.309,16.37
13.773000000000001,7.023,0.473,2.5029999999999997,15.773000000000001,7.023,7.023,7.023,7.023,7.023,7.023,7.023,7.023,7.023,7.023,7.023,7.023,7.023,7.023,7.023,79.476,13.642,26.559,32.132,12.104,11.652,6.335,7.606,0.0,13.304,6.326,6.326,7.281,9.467,9.373,7.921,9.841,7.282,12.872,6.961,9.2,9.199,9.622,10.754,8.24,8.56,8.56,42.862,11.094,7.599,7.279,10.205,8.239,8.879,9.2,14.772,22.265,24.318,9.52,13.173,7.599,8.24,6.012,10.161,8.56,6.96,9.841,7.137,6.646,3.1729999999999996,3.061,3.0029999999999997,2.8989999999999996,3.0409999999999995,2.9479999999999995,3.002,2.9479999999999995,3.0409999999999995,2.8999999999999995,2.9559999999999995,3.199,16.444000000000003,16.517000000000003,16.462,16.44,16.453000000000003,16.453000000000003,16.463,16.436,16.447000000000003,16.511000000000003,16.473000000000003,16.529,16.499000000000002,16.431,16.479000000000003,16.524,16.404,16.459000000000003,16.391000000000002,16.428,16.502000000000002,16.507,16.464000000000002,16.41,16.451,16.425,16.310000000000002,16.392000000000003,16.360000000000003,16.419,16.351000000000003,16.412000000000003
13.780000000000001,7.029999999999999,0.48,2.51,15.780000000000001,7.029999999999999,7.029999999999999,7.029999999999999,7.029999999999999,7.029999999999999,7.029999999999999,7.029999999999999,7.029999999999999,7.029999999999999,7.029999999999999,7.029999999999999,7.029999999999999,7.029999999999999,7.029999999999999,7.029999999999999,21.442,15.614,25.264,23.678,13.594,12.853,11.254,11.893,13.304,0.0,9.332,7.279,8.881,8.335,7.422,13.814,8.56,14.781,8.881,8.561,19.711,9.287,24.505,10.545,10.159,7.123,7.6,9.367,10.932,8.246,9.52,36.608,9.973,9.52,14.132,8.56,14.714,12.86,8.24,12.532,21.758,8.24,11.023,10.16,7.926,26.879,8.56,8.879,6.652,3.1799999999999997,3.0679999999999996,3.01,2.9059999999999997,3.048,2.9549999999999996,3.009,2.9549999999999996,3.048,2.907,2.9629999999999996,3.2059999999999995,16.451,16.524,16.469,16.447000000000003,16.46,16.46,16.470000000000002,16.443,16.454,16.518,16.48,16.536,16.506,16.438000000000002,16.486,16.531000000000002,16.411,16.466,16.398,16.435000000000002,16.509,16.514000000000003,16.471,16.417,16.458000000000002,16.432000000000002,16.317,16.399,16.367,16.426000000000002,16.358,16.419
13.760000000000002,7.01,0.46,2.4899999999999998,15.760000000000002,7.01,7.01,7.01,7.01,7.01,7.01,7.01,7.01,7.01,7.01,7.01,7.01,7.01,7.01,7.01,13.851,12.533,9.298,11.456,8.24,8.248,8.879,29.298,6.326,9.332,0.0,7.926,6.64,10.513,40.952,7.286,8.255,9.979,14.134,8.24,12.532,7.598,9.333,9.921,12.212,8.24,8.24,10.932,10.938,6.325,6.505,15.225,8.56,7.921,8.633,10.159,35.451,7.28,9.519,9.875,13.402,13.492,7.919,8.567,9.84,11.768,8.245,10.612,8.881,3.1599999999999997,3.048,2.9899999999999998,2.8859999999999997,3.0279999999999996,2.9349999999999996,2.989,2.9349999999999996,3.0279999999999996,2.8869999999999996,2.9429999999999996,3.186,16.431,16.504,16.449,16.427000000000003,16.44,16.44,16.450000000000003,16.423000000000002,16.434,16.498,16.46,16.516000000000002,16.486,16.418000000000003,16.466,16.511000000000003,16.391000000000002,16.446,16.378,16.415000000000003,16.489,16.494,16.451,16.397000000000002,16.438000000000002,16.412000000000003,16.297,16.379,16.347,16.406000000000002,16.338,16.399
13.776,7.026,0.476,2.506,15.776,7.026,7.026,7.026,7.026,7.026,7.026,7.026,7.026,7.026,7.026,7.026,7.026,7.026,7.026,7.026,28.112,15.039,27.528,9.183,8.361,8.033,28.271,6.646,6.326,7.279,7.926,0.0,8.24,27.429,8.561,7.927,8.88,7.831,17.466,8.241,6.645,7.928,19.065,9.84,9.199,11.027,6.012,6.96,11.519,8.56,7.279,7.599,8.246,7.919,11.893,8.24,13.577,23.046,8.241,9.243,11.216,6.335,8.56,6.959,7.599,9.226,7.606,9.482,10.121,3.1759999999999997,3.064,3.006,2.9019999999999997,3.0439999999999996,2.9509999999999996,3.005,2.9509999999999996,3.0439999999999996,2.9029999999999996,2.9589999999999996,3.202,16.447,16.52,16.465,16.443,16.456,16.456,16.466,16.439,16.45,16.514,16.476,16.532,16.502,16.434,16.482,16.527,16.407,16.462,16.394,16.431,16.505,16.509999999999998,16.467,16.413,16.454,16.428,16.313,16.395,16.363,16.422,16.354,16.415
13.756,7.006,0.456,2.4859999999999998,15.756,7.006,7.006,7.006,7.006,7.006,7.006,7.006,7.006,7.006,7.006,7.006,7.006,7.006,7.006,7.006,11.084,12.814,8.88,8.247,8.881,8.561,6.966,7.92,7.281,8.881,6.64,8.24,0.0,6.966,7.081,6.013,6.012,9.127,44.099,8.881,16.505,7.6,9.987,9.52,7.605,6.966,7.925,7.605,8.559,8.56,8.879,8.245,20.985,6.639,14.55,9.613,8.661,14.007,8.56,8.045,20.074,7.92,6.96,8.559,10.479,10.933,6.966,8.036,9.043,3.1559999999999997,3.0439999999999996,2.9859999999999998,2.8819999999999997,3.024,2.9309999999999996,2.985,2.9309999999999996,3.024,2.883,2.9389999999999996,3.1819999999999995,16.427,16.5,16.445,16.423000000000002,16.436,16.436,16.446,16.419,16.43,16.494,16.456,16.512,16.482,16.414,16.462,16.507,16.387,16.442,16.374,16.411,16.485,16.490000000000002,16.447,16.393,16.434,16.408,16.293,16.375,16.343,16.402,16.334,16.395
13.790000000000001,7.04,0.49,2.5199999999999996,15.790000000000001,7.04,7.04,7.04,7.04,7.04,7.04,7.04,7.04,7.04,7.04,7.04,7.04,7.04,7.04,7.04,11.123,7.081,10.805,9.63,7.287,9.338,9.16,11.439,9.467,8.335,10.513,27.429,6.966,0.0,8.546,8.246,8.246,13.173,10.16,7.599,6.326,9.199,13.249,8.246,8.56,8.561,7.286,6.966,11.308,9.528,7.925,7.925,10.137,6.967,7.801,9.018,7.427,10.183,7.6,8.723,7.286,9.199,8.559,8.879,9.528,21.438,6.645,12.213,9.69,3.1899999999999995,3.0779999999999994,3.0199999999999996,2.9159999999999995,3.058,2.9649999999999994,3.0189999999999997,2.9649999999999994,3.058,2.917,2.9729999999999994,3.2159999999999993,16.461000000000002,16.534000000000002,16.479,16.457,16.470000000000002,16.470000000000002,16.48,16.453,16.464000000000002,16.528000000000002,16.490000000000002,16.546,16.516000000000002,16.448,16.496000000000002,16.541,16.421,16.476000000000003,16.408,16.445,16.519000000000002,16.524,16.481,16.427,16.468,16.442,16.327,16.409000000000002,16.377000000000002,16.436,16.368000000000002,16.429000000000002
13.782,7.032,0.482,2.5119999999999996,15.782,7.032,7.032,7.032,7.032,7.032,7.032,7.032,7.032,7.032,7.032,7.032,7.032,7.032,7.032,7.032,25.439,36.149,12.901,25.775,8.246,10.571,9.466,9.98,9.373,7.422,40.952,8.561,7.081,8.546,0.0,7.926,7.601,12.615,11.899,7.287,7.92,8.56,30.397,9.199,7.28,9.84,6.326,14.83,7.6,7.6,6.325,16.811,18.473,7.921,9.964,19.887,6.959,17.326,11.573,9.201,8.693,7.919,8.89,10.159,9.84,8.249,6.967,13.492,9.857,3.1819999999999995,3.0699999999999994,3.0119999999999996,2.9079999999999995,3.05,2.9569999999999994,3.0109999999999997,2.9569999999999994,3.05,2.909,2.9649999999999994,3.2079999999999993,16.453,16.526,16.471,16.449,16.462,16.462,16.472,16.445,16.456,16.52,16.482,16.538,16.508,16.44,16.488,16.533,16.413,16.468,16.4,16.437,16.511,16.516,16.473,16.419,16.46,16.434,16.319,16.401,16.369,16.428,16.36,16.421
13.778,7.028,0.478,2.508,15.778,7.028,7.028,7.028,7.028,7.028,7.028,7.028,7.028,7.028,7.028,7.028,7.028,7.028,7.028,7.028,65.878,6.647,7.927,8.247,7.607,6.328,7.946,6.961,7.921,13.814,7.286,7.927,6.013,8.246,7.926,0.0,7.92,9.334,8.56,6.641,10.999,7.599,14.202,9.84,8.88,9.84,6.966,11.573,17.834,6.649,6.64,13.494,21.626,8.889,9.841,6.966,7.286,12.314,8.881,7.091,7.28,10.245,6.012,21.946,8.56,6.966,8.245,9.702,8.56,3.178,3.066,3.008,2.904,3.0460000000000003,2.953,3.007,2.953,3.0460000000000003,2.9050000000000002,2.961,3.2039999999999997,16.449,16.522000000000002,16.467,16.445,16.458000000000002,16.458000000000002,16.468,16.441,16.452,16.516000000000002,16.478,16.534,16.504,16.436,16.484,16.529,16.409,16.464000000000002,16.396,16.433,16.507,16.512,16.469,16.415,16.456,16.43,16.315,16.397000000000002,16.365000000000002,16.424,16.356,16.417
13.755,7.005,0.455,2.485,15.755,7.005,7.005,7.005,7.005,7.005,7.005,7.005,7.005,7.005,7.005,7.005,7.005,7.005,7.005,7.005,75.401,10.614,11.253,8.246,6.976,6.647,8.561,8.242,9.841,8.56,8.255,8.88,6.012,8.246,7.601,7.92,0.0,9.52,9.199,8.559,9.21,8.559,11.386,6.96,8.239,9.519,7.6,8.386,9.2,7.285,7.622,18.878,7.6,8.24,8.739,6.959,7.599,13.672,8.879,7.92,20.666,11.94,6.64,7.6,8.559,8.24,7.92,6.966,8.246,3.155,3.043,2.985,2.881,3.0229999999999997,2.9299999999999997,2.984,2.9299999999999997,3.0229999999999997,2.8819999999999997,2.9379999999999997,3.181,16.426000000000002,16.499000000000002,16.444,16.422,16.435000000000002,16.435000000000002,16.445,16.418,16.429000000000002,16.493000000000002,16.455000000000002,16.511,16.481,16.413,16.461000000000002,16.506,16.386,16.441000000000003,16.373,16.41,16.484,16.489,16.446,16.392,16.433,16.407,16.292,16.374000000000002,16.342000000000002,16.401,16.333000000000002,16.394000000000002
13.737,6.987,0.437,2.4669999999999996,15.737,6.987,6.987,6.987,6.987,6.987,6.987,6.987,6.987,6.987,6.987,6.987,6.987,6.987,6.987,6.987,47.006,7.601,7.282,28.16,9.974,7.428,11.606,7.553,7.282,14.781,9.979,7.831,9.127,13.173,12.615,9.334,9.52,0.0,9.201,9.2,12.853,9.366,12.495,8.88,10.479,7.289,9.013,6.64,10.438,8.56,10.117,8.56,9.483,7.609,10.613,8.88,8.24,9.907,7.286,7.6,6.646,7.6,6.96,8.057,8.24,9.089,8.88,12.957,6.327,3.1369999999999996,3.0249999999999995,2.9669999999999996,2.8629999999999995,3.005,2.9119999999999995,2.9659999999999997,2.9119999999999995,3.005,2.864,2.9199999999999995,3.1629999999999994,16.408,16.481,16.426,16.404,16.417,16.417,16.427,16.4,16.411,16.475,16.437,16.493,16.463,16.395,16.443,16.488,16.368,16.423000000000002,16.355,16.392,16.466,16.471,16.428,16.374,16.415,16.389,16.274,16.356,16.324,16.383,16.315,16.376
13.744000000000002,6.994,0.444,2.4739999999999998,15.744000000000002,6.994,6.994,6.994,6.994,6.994,6.994,6.994,6.994,6.994,6.994,6.994,6.994,6.994,6.994,6.994,35.965,28.13,24.366,17.729,11.226,31.993,26.177,8.241,12.872,8.881,14.134,17.466,44.099,10.16,11.899,8.56,9.199,9.201,0.0,8.56,10.137,7.919,25.64,6.334,9.839,7.92,7.92,11.253,8.464,7.919,8.198,14.8,10.292,8.24,8.677,8.24,8.878,10.933,6.326,7.6,7.605,27.518,26.724,22.265,8.56,10.612,9.52,35.052,8.357,3.1439999999999997,3.032,2.9739999999999998,2.8699999999999997,3.0119999999999996,2.9189999999999996,2.973,2.9189999999999996,3.0119999999999996,2.8709999999999996,2.9269999999999996,3.17,16.415000000000003,16.488000000000003,16.433,16.411,16.424000000000003,16.424000000000003,16.434,16.407,16.418000000000003,16.482000000000003,16.444000000000003,16.5,16.470000000000002,16.402,16.450000000000003,16.495,16.375,16.430000000000003,16.362000000000002,16.399,16.473000000000003,16.478,16.435000000000002,16.381,16.422,16.396,16.281000000000002,16.363000000000003,16.331000000000003,16.39,16.322000000000003,16.383000000000003
