grenoble,lille,paris,saclay,strasbourg,lille_20_m3-1,lille_20_m3-6,lille_20_m3-12,lille_20_m3-13,lille_20_m3-15,lille_20_m3-19,lille_20_m3-20,lille_20_m3-21,lille_20_m3-22,lille_20_m3-23,paris_m3-4,paris_m3-5,paris_m3-6,paris_m3-7,paris_m3-8,paris_m3-10,paris_m3-11,paris_m3-12,paris_m3-13,paris_m3-14,paris_m3-15,paris_m3-16,paris_m3-17,paris_m3-18,paris_m3-19,paris_m3-20,paris_m3-21,paris_m3-22,paris_m3-23,paris_m3-24,paris_m3-25,paris_m3-26,paris_m3-27,paris_m3-28,paris_m3-31,paris_m3-35,paris_m3-36,paris_m3-37,paris_m3-38,paris_m3-39,paris_m3-40,paris_m3-41,paris_m3-42,paris_m3-43,paris_m3-44,paris_m3-47,paris_m3-48,paris_m3-49,paris_m3-50,paris_m3-51,paris_m3-52,paris_m3-53,paris_m3-55,paris_m3-56,paris_m3-57,paris_m3-60,paris_m3-61,paris_m3-63,paris_m3-64,saclay_m3-1,saclay_m3-2,saclay_m3-3,saclay_m3-4,saclay_m3-5,saclay_m3-6,saclay_m3-7,saclay_m3-8,saclay_m3-9,saclay_m3-10,saclay_m3-11,saclay_m3-12,strasbourg_m3-2,strasbourg_m3-3,strasbourg_m3-6,strasbourg_m3-7,strasbourg_m3-12,strasbourg_m3-13,strasbourg_m3-14,strasbourg_m3-15,strasbourg_m3-18,strasbourg_m3-19,strasbourg_m3-23,strasbourg_m3-25,strasbourg_m3-28,strasbourg_m3-30,strasbourg_m3-31,strasbourg_m3-34,strasbourg_m3-35,strasbourg_m3-38,strasbourg_m3-40,strasbourg_m3-41,strasbourg_m3-42,strasbourg_m3-44,strasbourg_m3-45,strasbourg_m3-46,strasbourg_m3-47,strasbourg_m3-49,strasbourg_m3-51,strasbourg_m3-54,strasbourg_m3-55,strasbourg_m3-58,strasbourg_m3-59,strasbourg_m3-63
0.0,0.0,13.1,12.1,12.6,0.0,0.0,0.0,0.0,0.0,0.0,0.0,0.0,0.0,0.0,0.0,0.0,0.0,0.0,0.0,0.0,0.0,0.0,0.0,0.0,0.0,0.0,0.0,0.0,0.0,0.0,0.0,0.0,0.0,0.0,0.0,0.0,0.0,0.0,0.0,0.0,0.0,0.0,0.0,0.0,0.0,0.0,0.0,0.0,0.0,0.0,0.0,0.0,0.0,0.0,0.0,0.0,0.0,0.0,0.0,0.0,0.0,0.0,0.0,0.0,0.0,0.0,0.0,0.0,0.0,0.0,0.0,0.0,0.0,0.0,0.0,0.0,0.0,0.0,0.0,0.0,0.0,0.0,0.0,0.0,0.0,0.0,0.0,0.0,0.0,0.0,0.0,0.0,0.0,0.0,0.0,0.0,0.0,0.0,0.0,0.0,0.0,0.0,0.0,0.0,0.0,0.0,0.0
0.0,0.0,6.51,7.17,17.4,0.0,0.0,0.0,0.0,0.0,0.0,0.0,0.0,0.0,0.0,0.0,0.0,0.0,0.0,0.0,0.0,0.0,0.0,0.0,0.0,0.0,0.0,0.0,0.0,0.0,0.0,0.0,0.0,0.0,0.0,0.0,0.0,0.0,0.0,0.0,0.0,0.0,0.0,0.0,0.0,0.0,0.0,0.0,0.0,0.0,0.0,0.0,0.0,0.0,0.0,0.0,0.0,0.0,0.0,0.0,0.0,0.0,0.0,0.0,0.0,0.0,0.0,0.0,0.0,0.0,0.0,0.0,0.0,0.0,0.0,0.0,0.0,0.0,0.0,0.0,0.0,0.0,0.0,0.0,0.0,0.0,0.0,0.0,0.0,0.0,0.0,0.0,0.0,0.0,0.0,0.0,0.0,0.0,0.0,0.0,0.0,0.0,0.0,0.0,0.0,0.0,0.0,0.0
13.1,6.51,0.0,1.95,15.7,0.0,0.0,0.0,0.0,0.0,0.0,0.0,0.0,0.0,0.0,0.52,0.599,0.498,0.55,0.46,0.449,0.456,0.439,0.452,0.469,0.42,0.467,0.54,0.509,0.523,0.535,0.429,0.438,0.412,0.51,0.46,0.54,0.528,0.466,0.457,0.419,0.537,0.504,0.39,0.489,0.441,0.444,0.416,0.443,0.503,0.509,0.425,0.47,0.436,0.479,0.34,0.544,0.529,0.559,0.553,0.531,0.46,0.485,0.528,0.0,0.0,0.0,0.0,0.0,0.0,0.0,0.0,0.0,0.0,0.0,0.0,0.0,0.0,0.0,0.0,0.0,0.0,0.0,0.0,0.0,0.0,0.0,0.0,0.0,0.0,0.0,0.0,0.0,0.0,0.0,0.0,0.0,0.0,0.0,0.0,0.0,0.0,0.0,0.0,0.0,0.0,0.0,0.0
12.1,7.17,1.95,0.0,14.6,0.0,0.0,0.0,0.0,0.0,0.0,0.0,0.0,0.0,0.0,0.0,0.0,0.0,0.0,0.0,0.0,0.0,0.0,0.0,0.0,0.0,0.0,0.0,0.0,0.0,0.0,0.0,0.0,0.0,0.0,0.0,0.0,0.0,0.0,0.0,0.0,0.0,0.0,0.0,0.0,0.0,0.0,0.0,0.0,0.0,0.0,0.0,0.0,0.0,0.0,0.0,0.0,0.0,0.0,0.0,0.0,0.0,0.0,0.0,0.587,0.569,0.566,0.551,0.647,0.55,0.543,0.481,0.522,0.523,0.577,0.681,0.0,0.0,0.0,0.0,0.0,0.0,0.0,0.0,0.0,0.0,0.0,0.0,0.0,0.0,0.0,0.0,0.0,0.0,0.0,0.0,0.0,0.0,0.0,0.0,0.0,0.0,0.0,0.0,0.0,0.0,0.0,0.0
12.6,17.4,15.7,14.6,0.0,0.0,0.0,0.0,0.0,0.0,0.0,0.0,0.0,0.0,0.0,0.0,0.0,0.0,0.0,0.0,0.0,0.0,0.0,0.0,0.0,0.0,0.0,0.0,0.0,0.0,0.0,0.0,0.0,0.0,0.0,0.0,0.0,0.0,0.0,0.0,0.0,0.0,0.0,0.0,0.0,0.0,0.0,0.0,0.0,0.0,0.0,0.0,0.0,0.0,0.0,0.0,0.0,0.0,0.0,0.0,0.0,0.0,0.0,0.0,0.0,0.0,0.0,0.0,0.0,0.0,0.0,0.0,0.0,0.0,0.0,0.0,0.612,0.626,0.586,0.622,0.684,0.642,0.69,0.63,0.675,0.688,0.708,0.641,0.711,0.623,0.713,0.681,0.718,0.605,0.723,0.655,0.601,0.694,0.704,0.708,0.626,0.676,0.613,0.671,0.678,0.73,0.715,0.593
0.0,0.0,0.0,0.0,0.0,0.0,63.893,8.938,8.88,8.567,27.799,14.681,7.287,29.114,8.716,0.0,0.0,0.0,0.0,0.0,0.0,0.0,0.0,0.0,0.0,0.0,0.0,0.0,0.0,0.0,0.0,0.0,0.0,0.0,0.0,0.0,0.0,0.0,0.0,0.0,0.0,0.0,0.0,0.0,0.0,0.0,0.0,0.0,0.0,0.0,0.0,0.0,0.0,0.0,0.0,0.0,0.0,0.0,0.0,0.0,0.0,0.0,0.0,0.0,0.0,0.0,0.0,0.0,0.0,0.0,0.0,0.0,0.0,0.0,0.0,0.0,0.0,0.0,0.0,0.0,0.0,0.0,0.0,0.0,0.0,0.0,0.0,0.0,0.0,0.0,0.0,0.0,0.0,0.0,0.0,0.0,0.0,0.0,0.0,0.0,0.0,0.0,0.0,0.0,0.0,0.0,0.0,0.0
0.0,0.0,0.0,0.0,0.0,63.893,0.0,0.0,0.0,0.0,0.0,0.0,0.0,0.0,0.0,0.0,0.0,0.0,0.0,0.0,0.0,0.0,0.0,0.0,0.0,0.0,0.0,0.0,0.0,0.0,0.0,0.0,0.0,0.0,0.0,0.0,0.0,0.0,0.0,0.0,0.0,0.0,0.0,0.0,0.0,0.0,0.0,0.0,0.0,0.0,0.0,0.0,0.0,0.0,0.0,0.0,0.0,0.0,0.0,0.0,0.0,0.0,0.0,0.0,0.0,0.0,0.0,0.0,0.0,0.0,0.0,0.0,0.0,0.0,0.0,0.0,0.0,0.0,0.0,0.0,0.0,0.0,0.0,0.0,0.0,0.0,0.0,0.0,0.0,0.0,0.0,0.0,0.0,0.0,0.0,0.0,0.0,0.0,0.0,0.0,0.0,0.0,0.0,0.0,0.0,0.0,0.0,0.0
0.0,0.0,0.0,0.0,0.0,8.938,0.0,0.0,0.0,0.0,0.0,0.0,0.0,0.0,0.0,0.0,0.0,0.0,0.0,0.0,0.0,0.0,0.0,0.0,0.0,0.0,0.0,0.0,0.0,0.0,0.0,0.0,0.0,0.0,0.0,0.0,0.0,0.0,0.0,0.0,0.0,0.0,0.0,0.0,0.0,0.0,0.0,0.0,0.0,0.0,0.0,0.0,0.0,0.0,0.0,0.0,0.0,0.0,0.0,0.0,0.0,0.0,0.0,0.0,0.0,0.0,0.0,0.0,0.0,0.0,0.0,0.0,0.0,0.0,0.0,0.0,0.0,0.0,0.0,0.0,0.0,0.0,0.0,0.0,0.0,0.0,0.0,0.0,0.0,0.0,0.0,0.0,0.0,0.0,0.0,0.0,0.0,0.0,0.0,0.0,0.0,0.0,0.0,0.0,0.0,0.0,0.0,0.0
0.0,0.0,0.0,0.0,0.0,8.88,0.0,0.0,0.0,0.0,0.0,0.0,0.0,0.0,0.0,0.0,0.0,0.0,0.0,0.0,0.0,0.0,0.0,0.0,0.0,0.0,0.0,0.0,0.0,0.0,0.0,0.0,0.0,0.0,0.0,0.0,0.0,0.0,0.0,0.0,0.0,0.0,0.0,0.0,0.0,0.0,0.0,0.0,0.0,0.0,0.0,0.0,0.0,0.0,0.0,0.0,0.0,0.0,0.0,0.0,0.0,0.0,0.0,0.0,0.0,0.0,0.0,0.0,0.0,0.0,0.0,0.0,0.0,0.0,0.0,0.0,0.0,0.0,0.0,0.0,0.0,0.0,0.0,0.0,0.0,0.0,0.0,0.0,0.0,0.0,0.0,0.0,0.0,0.0,0.0,0.0,0.0,0.0,0.0,0.0,0.0,0.0,0.0,0.0,0.0,0.0,0.0,0.0
0.0,0.0,0.0,0.0,0.0,8.567,0.0,0.0,0.0,0.0,0.0,0.0,0.0,0.0,0.0,0.0,0.0,0.0,0.0,0.0,0.0,0.0,0.0,0.0,0.0,0.0,0.0,0.0,0.0,0.0,0.0,0.0,0.0,0.0,0.0,0.0,0.0,0.0,0.0,0.0,0.0,0.0,0.0,0.0,0.0,0.0,0.0,0.0,0.0,0.0,0.0,0.0,0.0,0.0,0.0,0.0,0.0,0.0,0.0,0.0,0.0,0.0,0.0,0.0,0.0,0.0,0.0,0.0,0.0,0.0,0.0,0.0,0.0,0.0,0.0,0.0,0.0,0.0,0.0,0.0,0.0,0.0,0.0,0.0,0.0,0.0,0.0,0.0,0.0,0.0,0.0,0.0,0.0,0.0,0.0,0.0,0.0,0.0,0.0,0.0,0.0,0.0,0.0,0.0,0.0,0.0,0.0,0.0
0.0,0.0,0.0,0.0,0.0,27.799,0.0,0.0,0.0,0.0,0.0,0.0,0.0,0.0,0.0,0.0,0.0,0.0,0.0,0.0,0.0,0.0,0.0,0.0,0.0,0.0,0.0,0.0,0.0,0.0,0.0,0.0,0.0,0.0,0.0,0.0,0.0,0.0,0.0,0.0,0.0,0.0,0.0,0.0,0.0,0.0,0.0,0.0,0.0,0.0,0.0,0.0,0.0,0.0,0.0,0.0,0.0,0.0,0.0,0.0,0.0,0.0,0.0,0.0,0.0,0.0,0.0,0.0,0.0,0.0,0.0,0.0,0.0,0.0,0.0,0.0,0.0,0.0,0.0,0.0,0.0,0.0,0.0,0.0,0.0,0.0,0.0,0.0,0.0,0.0,0.0,0.0,0.0,0.0,0.0,0.0,0.0,0.0,0.0,0.0,0.0,0.0,0.0,0.0,0.0,0.0,0.0,0.0
0.0,0.0,0.0,0.0,0.0,14.681,0.0,0.0,0.0,0.0,0.0,0.0,0.0,0.0,0.0,0.0,0.0,0.0,0.0,0.0,0.0,0.0,0.0,0.0,0.0,0.0,0.0,0.0,0.0,0.0,0.0,0.0,0.0,0.0,0.0,0.0,0.0,0.0,0.0,0.0,0.0,0.0,0.0,0.0,0.0,0.0,0.0,0.0,0.0,0.0,0.0,0.0,0.0,0.0,0.0,0.0,0.0,0.0,0.0,0.0,0.0,0.0,0.0,0.0,0.0,0.0,0.0,0.0,0.0,0.0,0.0,0.0,0.0,0.0,0.0,0.0,0.0,0.0,0.0,0.0,0.0,0.0,0.0,0.0,0.0,0.0,0.0,0.0,0.0,0.0,0.0,0.0,0.0,0.0,0.0,0.0,0.0,0.0,0.0,0.0,0.0,0.0,0.0,0.0,0.0,0.0,0.0,0.0
0.0,0.0,0.0,0.0,0.0,7.287,0.0,0.0,0.0,0.0,0.0,0.0,0.0,0.0,0.0,0.0,0.0,0.0,0.0,0.0,0.0,0.0,0.0,0.0,0.0,0.0,0.0,0.0,0.0,0.0,0.0,0.0,0.0,0.0,0.0,0.0,0.0,0.0,0.0,0.0,0.0,0.0,0.0,0.0,0.0,0.0,0.0,0.0,0.0,0.0,0.0,0.0,0.0,0.0,0.0,0.0,0.0,0.0,0.0,0.0,0.0,0.0,0.0,0.0,0.0,0.0,0.0,0.0,0.0,0.0,0.0,0.0,0.0,0.0,0.0,0.0,0.0,0.0,0.0,0.0,0.0,0.0,0.0,0.0,0.0,0.0,0.0,0.0,0.0,0.0,0.0,0.0,0.0,0.0,0.0,0.0,0.0,0.0,0.0,0.0,0.0,0.0,0.0,0.0,0.0,0.0,0.0,0.0
0.0,0.0,0.0,0.0,0.0,29.114,0.0,0.0,0.0,0.0,0.0,0.0,0.0,0.0,0.0,0.0,0.0,0.0,0.0,0.0,0.0,0.0,0.0,0.0,0.0,0.0,0.0,0.0,0.0,0.0,0.0,0.0,0.0,0.0,0.0,0.0,0.0,0.0,0.0,0.0,0.0,0.0,0.0,0.0,0.0,0.0,0.0,0.0,0.0,0.0,0.0,0.0,0.0,0.0,0.0,0.0,0.0,0.0,0.0,0.0,0.0,0.0,0.0,0.0,0.0,0.0,0.0,0.0,0.0,0.0,0.0,0.0,0.0,0.0,0.0,0.0,0.0,0.0,0.0,0.0,0.0,0.0,0.0,0.0,0.0,0.0,0.0,0.0,0.0,0.0,0.0,0.0,0.0,0.0,0.0,0.0,0.0,0.0,0.0,0.0,0.0,0.0,0.0,0.0,0.0,0.0,0.0,0.0
0.0,0.0,0.0,0.0,0.0,8.716,0.0,0.0,0.0,0.0,0.0,0.0,0.0,0.0,0.0,0.0,0.0,0.0,0.0,0.0,0.0,0.0,0.0,0.0,0.0,0.0,0.0,0.0,0.0,0.0,0.0,0.0,0.0,0.0,0.0,0.0,0.0,0.0,0.0,0.0,0.0,0.0,0.0,0.0,0.0,0.0,0.0,0.0,0.0,0.0,0.0,0.0,0.0,0.0,0.0,0.0,0.0,0.0,0.0,0.0,0.0,0.0,0.0,0.0,0.0,0.0,0.0,0.0,0.0,0.0,0.0,0.0,0.0,0.0,0.0,0.0,0.0,0.0,0.0,0.0,0.0,0.0,0.0,0.0,0.0,0.0,0.0,0.0,0.0,0.0,0.0,0.0,0.0,0.0,0.0,0.0,0.0,0.0,0.0,0.0,0.0,0.0,0.0,0.0,0.0,0.0,0.0,0.0
0.0,0.0,0.52,0.0,0.0,0.0,0.0,0.0,0.0,0.0,0.0,0.0,0.0,0.0,0.0,0.0,48.435,35.504,12.625,39.642,11.386,8.902,9.621,11.893,44.276,48.153,7.564,32.528,17.832,13.212,52.946,14.394,59.786,72.081,74.847,37.517,56.843,28.574,44.553,52.141,82.612,64.886,59.668,20.665,11.66,13.993,39.422,31.713,58.719,33.15,16.387,32.975,65.366,17.758,47.779,26.237,22.541,6.96,43.021,29.295,32.138,49.785,27.775,76.22,0.0,0.0,0.0,0.0,0.0,0.0,0.0,0.0,0.0,0.0,0.0,0.0,0.0,0.0,0.0,0.0,0.0,0.0,0.0,0.0,0.0,0.0,0.0,0.0,0.0,0.0,0.0,0.0,0.0,0.0,0.0,0.0,0.0,0.0,0.0,0.0,0.0,0.0,0.0,0.0,0.0,0.0,0.0,0.0
0.0,0.0,0.599,0.0,0.0,0.0,0.0,0.0,0.0,0.0,0.0,0.0,0.0,0.0,0.0,48.435,0.0,30.4,9.932,17.147,12.027,10.107,38.05,22.529,42.463,8.191,11.528,6.865,8.151,11.715,8.792,36.03,26.263,8.561,8.703,8.379,40.772,6.966,25.785,9.429,36.66,9.82,23.679,17.092,10.238,38.237,38.345,51.682,11.357,11.662,41.813,26.878,9.978,9.841,30.412,13.665,6.96,16.54,26.246,41.453,38.532,17.551,9.52,36.605,0.0,0.0,0.0,0.0,0.0,0.0,0.0,0.0,0.0,0.0,0.0,0.0,0.0,0.0,0.0,0.0,0.0,0.0,0.0,0.0,0.0,0.0,0.0,0.0,0.0,0.0,0.0,0.0,0.0,0.0,0.0,0.0,0.0,0.0,0.0,0.0,0.0,0.0,0.0,0.0,0.0,0.0,0.0,0.0
0.0,0.0,0.498,0.0,0.0,0.0,0.0,0.0,0.0,0.0,0.0,0.0,0.0,0.0,0.0,35.504,30.4,0.0,9.498,12.801,7.453,11.573,24.622,25.409,8.56,24.705,7.28,18.607,29.725,16.186,34.372,9.839,8.881,22.784,13.815,35.651,9.652,55.479,7.599,33.78,6.966,12.213,8.88,20.158,37.323,15.069,11.892,12.259,8.368,8.599,7.451,8.197,7.286,26.559,9.332,8.24,8.266,21.32,24.788,13.039,8.034,29.252,14.812,9.611,0.0,0.0,0.0,0.0,0.0,0.0,0.0,0.0,0.0,0.0,0.0,0.0,0.0,0.0,0.0,0.0,0.0,0.0,0.0,0.0,0.0,0.0,0.0,0.0,0.0,0.0,0.0,0.0,0.0,0.0,0.0,0.0,0.0,0.0,0.0,0.0,0.0,0.0,0.0,0.0,0.0,0.0,0.0,0.0
0.0,0.0,0.55,0.0,0.0,0.0,0.0,0.0,0.0,0.0,0.0,0.0,0.0,0.0,0.0,12.625,9.932,9.498,0.0,40.323,7.601,32.782,11.387,9.545,8.881,9.013,17.389,11.911,23.169,27.924,8.879,7.615,9.529,8.241,12.534,11.893,7.601,7.919,9.519,7.286,12.532,8.693,6.646,7.285,11.275,18.137,20.346,12.533,18.549,9.52,11.574,8.931,6.646,8.561,7.606,14.008,7.919,7.6,9.332,9.52,11.395,19.114,7.919,22.084,0.0,0.0,0.0,0.0,0.0,0.0,0.0,0.0,0.0,0.0,0.0,0.0,0.0,0.0,0.0,0.0,0.0,0.0,0.0,0.0,0.0,0.0,0.0,0.0,0.0,0.0,0.0,0.0,0.0,0.0,0.0,0.0,0.0,0.0,0.0,0.0,0.0,0.0,0.0,0.0,0.0,0.0,0.0,0.0
0.0,0.0,0.46,0.0,0.0,0.0,0.0,0.0,0.0,0.0,0.0,0.0,0.0,0.0,0.0,39.642,17.147,12.801,40.323,0.0,11.893,15.746,7.282,52.808,6.641,12.308,13.416,18.563,26.561,10.64,10.481,8.694,9.202,10.614,24.507,27.381,12.212,7.6,6.646,6.966,28.66,8.88,17.485,15.66,14.874,9.204,26.322,11.498,10.292,7.92,7.287,12.862,7.057,8.56,41.874,8.24,8.01,38.345,12.723,9.875,8.88,32.256,12.985,11.259,0.0,0.0,0.0,0.0,0.0,0.0,0.0,0.0,0.0,0.0,0.0,0.0,0.0,0.0,0.0,0.0,0.0,0.0,0.0,0.0,0.0,0.0,0.0,0.0,0.0,0.0,0.0,0.0,0.0,0.0,0.0,0.0,0.0,0.0,0.0,0.0,0.0,0.0,0.0,0.0,0.0,0.0,0.0,0.0
0.0,0.0,0.449,0.0,0.0,0.0,0.0,0.0,0.0,0.0,0.0,0.0,0.0,0.0,0.0,11.386,12.027,7.453,7.601,11.893,0.0,24.12,23.088,37.053,6.966,6.96,14.137,31.811,7.281,22.572,8.881,10.932,6.646,51.15,8.24,8.833,9.519,6.011,10.042,7.418,26.286,7.935,8.88,25.87,6.646,15.004,10.48,7.002,7.698,9.2,7.599,7.599,8.88,8.239,8.241,8.831,8.879,10.933,25.331,10.481,25.304,17.145,12.399,13.492,0.0,0.0,0.0,0.0,0.0,0.0,0.0,0.0,0.0,0.0,0.0,0.0,0.0,0.0,0.0,0.0,0.0,0.0,0.0,0.0,0.0,0.0,0.0,0.0,0.0,0.0,0.0,0.0,0.0,0.0,0.0,0.0,0.0,0.0,0.0,0.0,0.0,0.0,0.0,0.0,0.0,0.0,0.0,0.0
0.0,0.0,0.456,0.0,0.0,0.0,0.0,0.0,0.0,0.0,0.0,0.0,0.0,0.0,0.0,8.902,10.107,11.573,32.782,15.746,24.12,0.0,9.607,6.647,9.841,7.287,33.534,8.56,8.56,7.606,8.247,10.457,8.881,7.287,9.448,14.609,7.605,6.326,6.646,12.763,10.933,11.899,9.2,8.88,9.2,9.519,8.561,9.519,7.92,6.326,11.213,8.559,8.56,6.012,6.96,25.788,9.52,7.599,12.214,9.2,11.889,11.573,6.326,6.785,0.0,0.0,0.0,0.0,0.0,0.0,0.0,0.0,0.0,0.0,0.0,0.0,0.0,0.0,0.0,0.0,0.0,0.0,0.0,0.0,0.0,0.0,0.0,0.0,0.0,0.0,0.0,0.0,0.0,0.0,0.0,0.0,0.0,0.0,0.0,0.0,0.0,0.0,0.0,0.0,0.0,0.0,0.0,0.0
0.0,0.0,0.439,0.0,0.0,0.0,0.0,0.0,0.0,0.0,0.0,0.0,0.0,0.0,0.0,9.621,38.05,24.622,11.387,7.282,23.088,9.607,0.0,7.829,8.881,8.246,36.129,19.706,7.606,61.286,13.172,8.88,7.602,20.992,11.574,11.892,8.88,9.972,21.945,6.645,7.6,6.965,9.2,13.648,7.987,7.285,8.561,7.281,9.52,6.325,7.926,6.965,16.466,7.599,15.448,6.011,8.88,8.24,6.011,9.528,8.24,12.58,33.287,12.213,0.0,0.0,0.0,0.0,0.0,0.0,0.0,0.0,0.0,0.0,0.0,0.0,0.0,0.0,0.0,0.0,0.0,0.0,0.0,0.0,0.0,0.0,0.0,0.0,0.0,0.0,0.0,0.0,0.0,0.0,0.0,0.0,0.0,0.0,0.0,0.0,0.0,0.0,0.0,0.0,0.0,0.0,0.0,0.0
0.0,0.0,0.452,0.0,0.0,0.0,0.0,0.0,0.0,0.0,0.0,0.0,0.0,0.0,0.0,11.893,22.529,25.409,9.545,52.808,37.053,6.647,7.829,0.0,8.56,7.287,7.92,7.341,7.602,8.549,7.928,7.601,7.6,7.606,7.921,9.199,8.879,8.56,7.28,6.012,8.569,11.892,6.659,23.226,10.16,6.966,8.56,10.48,7.919,17.514,9.519,8.567,8.859,8.88,9.826,7.609,9.519,40.458,11.134,8.56,9.295,7.92,15.594,13.172,0.0,0.0,0.0,0.0,0.0,0.0,0.0,0.0,0.0,0.0,0.0,0.0,0.0,0.0,0.0,0.0,0.0,0.0,0.0,0.0,0.0,0.0,0.0,0.0,0.0,0.0,0.0,0.0,0.0,0.0,0.0,0.0,0.0,0.0,0.0,0.0,0.0,0.0,0.0,0.0,0.0,0.0,0.0,0.0
0.0,0.0,0.469,0.0,0.0,0.0,0.0,0.0,0.0,0.0,0.0,0.0,0.0,0.0,0.0,44.276,42.463,8.56,8.881,6.641,6.966,9.841,8.881,8.56,0.0,6.151,7.614,7.281,9.521,9.32,6.647,6.383,8.561,6.327,6.327,10.612,8.879,38.708,7.28,6.326,6.645,9.751,8.24,9.199,13.071,6.961,7.921,9.519,7.6,10.159,7.6,6.96,12.994,8.88,9.973,7.92,9.201,9.2,12.254,6.646,13.172,9.521,20.674,30.051,0.0,0.0,0.0,0.0,0.0,0.0,0.0,0.0,0.0,0.0,0.0,0.0,0.0,0.0,0.0,0.0,0.0,0.0,0.0,0.0,0.0,0.0,0.0,0.0,0.0,0.0,0.0,0.0,0.0,0.0,0.0,0.0,0.0,0.0,0.0,0.0,0.0,0.0,0.0,0.0,0.0,0.0,0.0,0.0
0.0,0.0,0.42,0.0,0.0,0.0,0.0,0.0,0.0,0.0,0.0,0.0,0.0,0.0,0.0,48.153,8.191,24.705,9.013,12.308,6.96,7.287,8.246,7.287,6.151,0.0,7.92,8.245,9.839,10.105,7.92,6.96,9.52,8.24,7.279,10.613,6.639,6.974,9.208,6.654,6.325,8.804,8.249,9.519,6.358,9.199,8.889,8.239,22.454,9.199,6.966,8.239,26.322,8.559,23.865,20.985,32.023,9.84,24.767,20.578,9.298,10.16,20.985,8.24,0.0,0.0,0.0,0.0,0.0,0.0,0.0,0.0,0.0,0.0,0.0,0.0,0.0,0.0,0.0,0.0,0.0,0.0,0.0,0.0,0.0,0.0,0.0,0.0,0.0,0.0,0.0,0.0,0.0,0.0,0.0,0.0,0.0,0.0,0.0,0.0,0.0,0.0,0.0,0.0,0.0,0.0,0.0,0.0
0.0,0.0,0.467,0.0,0.0,0.0,0.0,0.0,0.0,0.0,0.0,0.0,0.0,0.0,0.0,7.564,11.528,7.28,17.389,13.416,14.137,33.534,36.129,7.92,7.614,7.92,0.0,8.569,8.888,17.493,8.24,9.2,7.287,7.927,8.241,7.926,11.901,8.239,11.901,9.438,6.328,6.966,6.646,10.009,8.377,7.286,9.839,7.28,31.042,7.606,9.84,6.965,8.141,8.88,9.84,20.665,13.678,10.16,7.638,8.24,9.519,7.92,25.722,8.88,0.0,0.0,0.0,0.0,0.0,0.0,0.0,0.0,0.0,0.0,0.0,0.0,0.0,0.0,0.0,0.0,0.0,0.0,0.0,0.0,0.0,0.0,0.0,0.0,0.0,0.0,0.0,0.0,0.0,0.0,0.0,0.0,0.0,0.0,0.0,0.0,0.0,0.0,0.0,0.0,0.0,0.0,0.0,0.0
0.0,0.0,0.54,0.0,0.0,0.0,0.0,0.0,0.0,0.0,0.0,0.0,0.0,0.0,0.0,32.528,6.865,18.607,11.911,18.563,31.811,8.56,19.706,7.341,7.281,8.245,8.569,0.0,8.881,20.985,6.966,6.81,7.281,7.92,8.561,12.858,9.2,7.92,16.826,18.425,7.92,8.24,7.286,8.56,8.833,6.64,10.479,9.2,8.559,7.28,9.199,7.927,9.61,9.848,20.025,22.265,7.92,14.772,14.772,6.965,8.559,8.559,6.96,13.819,0.0,0.0,0.0,0.0,0.0,0.0,0.0,0.0,0.0,0.0,0.0,0.0,0.0,0.0,0.0,0.0,0.0,0.0,0.0,0.0,0.0,0.0,0.0,0.0,0.0,0.0,0.0,0.0,0.0,0.0,0.0,0.0,0.0,0.0,0.0,0.0,0.0,0.0,0.0,0.0,0.0,0.0,0.0,0.0
0.0,0.0,0.509,0.0,0.0,0.0,0.0,0.0,0.0,0.0,0.0,0.0,0.0,0.0,0.0,17.832,8.151,29.725,23.169,26.561,7.281,8.56,7.606,7.602,9.521,9.839,8.888,8.881,0.0,7.969,7.607,6.641,7.28,8.241,8.24,6.012,6.959,7.926,6.012,7.612,7.285,8.24,6.326,7.816,7.232,7.28,8.247,8.56,6.96,7.28,6.974,7.285,6.646,9.52,6.646,11.894,7.599,11.135,18.425,6.012,7.6,7.926,20.799,8.373,0.0,0.0,0.0,0.0,0.0,0.0,0.0,0.0,0.0,0.0,0.0,0.0,0.0,0.0,0.0,0.0,0.0,0.0,0.0,0.0,0.0,0.0,0.0,0.0,0.0,0.0,0.0,0.0,0.0,0.0,0.0,0.0,0.0,0.0,0.0,0.0,0.0,0.0,0.0,0.0,0.0,0.0,0.0,0.0
0.0,0.0,0.523,0.0,0.0,0.0,0.0,0.0,0.0,0.0,0.0,0.0,0.0,0.0,0.0,13.212,11.715,16.186,27.924,10.64,22.572,7.606,61.286,8.549,9.32,10.105,17.493,20.985,7.969,0.0,6.967,7.601,9.521,10.161,9.209,7.981,8.239,7.285,7.286,7.599,6.326,9.521,7.6,7.599,13.305,10.48,7.926,9.521,9.52,8.248,8.24,8.559,9.029,7.92,18.382,9.519,15.092,13.174,12.813,6.334,10.16,8.56,22.585,7.583,0.0,0.0,0.0,0.0,0.0,0.0,0.0,0.0,0.0,0.0,0.0,0.0,0.0,0.0,0.0,0.0,0.0,0.0,0.0,0.0,0.0,0.0,0.0,0.0,0.0,0.0,0.0,0.0,0.0,0.0,0.0,0.0,0.0,0.0,0.0,0.0,0.0,0.0,0.0,0.0,0.0,0.0,0.0,0.0
0.0,0.0,0.535,0.0,0.0,0.0,0.0,0.0,0.0,0.0,0.0,0.0,0.0,0.0,0.0,52.946,8.792,34.372,8.879,10.481,8.881,8.247,13.172,7.928,6.647,7.92,8.24,6.966,7.607,6.967,0.0,7.286,7.281,8.881,8.561,11.262,8.56,6.326,7.286,7.286,27.978,8.241,8.56,7.615,10.161,10.16,7.92,8.241,6.961,7.281,9.2,8.24,8.241,7.921,11.837,6.646,7.607,8.296,7.281,8.561,8.56,6.646,7.599,6.96,0.0,0.0,0.0,0.0,0.0,0.0,0.0,0.0,0.0,0.0,0.0,0.0,0.0,0.0,0.0,0.0,0.0,0.0,0.0,0.0,0.0,0.0,0.0,0.0,0.0,0.0,0.0,0.0,0.0,0.0,0.0,0.0,0.0,0.0,0.0,0.0,0.0,0.0,0.0,0.0,0.0,0.0,0.0,0.0
0.0,0.0,0.429,0.0,0.0,0.0,0.0,0.0,0.0,0.0,0.0,0.0,0.0,0.0,0.0,14.394,36.03,9.839,7.615,8.694,10.932,10.457,8.88,7.601,6.383,6.96,9.2,6.81,6.641,7.601,7.286,0.0,8.246,8.889,7.279,12.212,9.52,8.241,9.653,6.966,10.299,8.24,7.599,8.559,8.56,8.88,8.677,7.279,9.839,8.879,9.839,9.199,9.519,9.199,7.184,32.46,8.239,20.376,17.465,8.245,10.489,7.285,9.795,20.057,0.0,0.0,0.0,0.0,0.0,0.0,0.0,0.0,0.0,0.0,0.0,0.0,0.0,0.0,0.0,0.0,0.0,0.0,0.0,0.0,0.0,0.0,0.0,0.0,0.0,0.0,0.0,0.0,0.0,0.0,0.0,0.0,0.0,0.0,0.0,0.0,0.0,0.0,0.0,0.0,0.0,0.0,0.0,0.0
0.0,0.0,0.438,0.0,0.0,0.0,0.0,0.0,0.0,0.0,0.0,0.0,0.0,0.0,0.0,59.786,26.263,8.881,9.529,9.202,6.646,8.881,7.602,7.6,8.561,9.52,7.287,7.281,7.28,9.521,7.281,8.246,0.0,6.327,6.966,13.61,7.928,8.561,7.92,6.012,25.625,9.201,10.48,8.24,8.393,8.24,6.966,8.88,6.96,31.625,8.246,7.281,7.606,9.2,7.606,13.945,15.735,10.613,10.676,23.359,8.561,6.961,8.241,7.142,0.0,0.0,0.0,0.0,0.0,0.0,0.0,0.0,0.0,0.0,0.0,0.0,0.0,0.0,0.0,0.0,0.0,0.0,0.0,0.0,0.0,0.0,0.0,0.0,0.0,0.0,0.0,0.0,0.0,0.0,0.0,0.0,0.0,0.0,0.0,0.0,0.0,0.0,0.0,0.0,0.0,0.0,0.0,0.0
0.0,0.0,0.412,0.0,0.0,0.0,0.0,0.0,0.0,0.0,0.0,0.0,0.0,0.0,0.0,72.081,8.561,22.784,8.241,10.614,51.15,7.287,20.992,7.606,6.327,8.24,7.927,7.92,8.241,10.161,8.881,8.889,6.327,0.0,8.56,9.2,9.519,8.239,8.239,6.325,34.552,18.085,9.839,7.6,10.293,8.561,10.16,6.96,7.92,7.28,14.4,8.878,8.402,8.247,7.649,6.645,15.232,10.751,6.64,7.615,7.605,7.288,16.505,8.692,0.0,0.0,0.0,0.0,0.0,0.0,0.0,0.0,0.0,0.0,0.0,0.0,0.0,0.0,0.0,0.0,0.0,0.0,0.0,0.0,0.0,0.0,0.0,0.0,0.0,0.0,0.0,0.0,0.0,0.0,0.0,0.0,0.0,0.0,0.0,0.0,0.0,0.0,0.0,0.0,0.0,0.0,0.0,0.0
0.0,0.0,0.51,0.0,0.0,0.0,0.0,0.0,0.0,0.0,0.0,0.0,0.0,0.0,0.0,74.847,8.703,13.815,12.534,24.507,8.24,9.448,11.574,7.921,6.327,7.279,8.241,8.561,8.24,9.209,8.561,7.279,6.966,8.56,0.0,21.625,9.839,6.325,7.285,7.614,6.326,13.033,7.286,8.559,12.567,8.246,9.839,6.959,6.646,9.2,7.92,6.965,7.92,8.56,9.839,7.599,6.959,7.558,8.56,6.325,8.88,7.606,14.905,21.589,0.0,0.0,0.0,0.0,0.0,0.0,0.0,0.0,0.0,0.0,0.0,0.0,0.0,0.0,0.0,0.0,0.0,0.0,0.0,0.0,0.0,0.0,0.0,0.0,0.0,0.0,0.0,0.0,0.0,0.0,0.0,0.0,0.0,0.0,0.0,0.0,0.0,0.0,0.0,0.0,0.0,0.0,0.0,0.0
0.0,0.0,0.46,0.0,0.0,0.0,0.0,0.0,0.0,0.0,0.0,0.0,0.0,0.0,0.0,37.517,8.379,35.651,11.893,27.381,8.833,14.609,11.892,9.199,10.612,10.613,7.926,12.858,6.012,7.981,11.262,12.212,13.61,9.2,21.625,0.0,8.559,6.326,6.02,6.64,11.428,10.607,9.52,9.839,15.113,10.48,7.926,20.611,6.961,7.92,11.892,6.965,6.735,8.882,21.196,8.879,8.24,8.497,13.976,8.238,9.52,8.56,14.23,23.437,0.0,0.0,0.0,0.0,0.0,0.0,0.0,0.0,0.0,0.0,0.0,0.0,0.0,0.0,0.0,0.0,0.0,0.0,0.0,0.0,0.0,0.0,0.0,0.0,0.0,0.0,0.0,0.0,0.0,0.0,0.0,0.0,0.0,0.0,0.0,0.0,0.0,0.0,0.0,0.0,0.0,0.0,0.0,0.0
0.0,0.0,0.54,0.0,0.0,0.0,0.0,0.0,0.0,0.0,0.0,0.0,0.0,0.0,0.0,56.843,40.772,9.652,7.601,12.212,9.519,7.605,8.88,8.879,8.879,6.639,11.901,9.2,6.959,8.239,8.56,9.52,7.928,9.519,9.839,8.559,0.0,9.333,14.326,21.564,13.172,8.24,32.831,21.304,17.281,9.931,38.107,7.284,9.84,60.256,6.012,32.964,6.959,21.57,41.466,7.925,18.113,7.604,7.279,10.628,6.959,48.345,37.385,10.913,0.0,0.0,0.0,0.0,0.0,0.0,0.0,0.0,0.0,0.0,0.0,0.0,0.0,0.0,0.0,0.0,0.0,0.0,0.0,0.0,0.0,0.0,0.0,0.0,0.0,0.0,0.0,0.0,0.0,0.0,0.0,0.0,0.0,0.0,0.0,0.0,0.0,0.0,0.0,0.0,0.0,0.0,0.0,0.0
0.0,0.0,0.528,0.0,0.0,0.0,0.0,0.0,0.0,0.0,0.0,0.0,0.0,0.0,0.0,28.574,6.966,55.479,7.919,7.6,6.011,6.326,9.972,8.56,38.708,6.974,8.239,7.92,7.926,7.285,6.326,8.241,8.561,8.239,6.325,6.326,9.333,0.0,24.352,22.622,36.871,9.84,28.144,7.92,49.249,36.93,7.92,7.835,35.043,12.221,20.049,11.269,8.88,13.204,7.92,6.64,12.345,8.239,8.674,10.621,7.688,41.045,20.664,8.406,0.0,0.0,0.0,0.0,0.0,0.0,0.0,0.0,0.0,0.0,0.0,0.0,0.0,0.0,0.0,0.0,0.0,0.0,0.0,0.0,0.0,0.0,0.0,0.0,0.0,0.0,0.0,0.0,0.0,0.0,0.0,0.0,0.0,0.0,0.0,0.0,0.0,0.0,0.0,0.0,0.0,0.0,0.0,0.0
0.0,0.0,0.466,0.0,0.0,0.0,0.0,0.0,0.0,0.0,0.0,0.0,0.0,0.0,0.0,44.553,25.785,7.599,9.519,6.646,10.042,6.646,21.945,7.28,7.28,9.208,11.901,16.826,6.012,7.286,7.286,9.653,7.92,8.239,7.285,6.02,14.326,24.352,0.0,20.534,6.64,9.679,14.019,7.92,7.601,9.224,12.666,6.325,8.743,13.771,19.074,31.038,7.919,9.981,15.746,6.966,20.345,9.519,32.309,20.024,7.279,6.959,10.613,10.932,0.0,0.0,0.0,0.0,0.0,0.0,0.0,0.0,0.0,0.0,0.0,0.0,0.0,0.0,0.0,0.0,0.0,0.0,0.0,0.0,0.0,0.0,0.0,0.0,0.0,0.0,0.0,0.0,0.0,0.0,0.0,0.0,0.0,0.0,0.0,0.0,0.0,0.0,0.0,0.0,0.0,0.0,0.0,0.0
0.0,0.0,0.457,0.0,0.0,0.0,0.0,0.0,0.0,0.0,0.0,0.0,0.0,0.0,0.0,52.141,9.429,33.78,7.286,6.966,7.418,12.763,6.645,6.012,6.326,6.654,9.438,18.425,7.612,7.599,7.286,6.966,6.012,6.325,7.614,6.64,21.564,22.622,20.534,0.0,14.954,6.647,13.301,17.211,29.731,17.833,32.913,6.961,9.821,31.089,10.915,6.96,7.6,8.561,10.747,8.88,7.28,8.56,31.178,16.453,7.607,8.138,9.52,8.88,0.0,0.0,0.0,0.0,0.0,0.0,0.0,0.0,0.0,0.0,0.0,0.0,0.0,0.0,0.0,0.0,0.0,0.0,0.0,0.0,0.0,0.0,0.0,0.0,0.0,0.0,0.0,0.0,0.0,0.0,0.0,0.0,0.0,0.0,0.0,0.0,0.0,0.0,0.0,0.0,0.0,0.0,0.0,0.0
0.0,0.0,0.419,0.0,0.0,0.0,0.0,0.0,0.0,0.0,0.0,0.0,0.0,0.0,0.0,82.612,36.66,6.966,12.532,28.66,26.286,10.933,7.6,8.569,6.645,6.325,6.328,7.92,7.285,6.326,27.978,10.299,25.625,34.552,6.326,11.428,13.172,36.871,6.64,14.954,0.0,21.76,8.881,19.471,9.2,13.202,16.824,10.231,6.967,7.836,8.513,19.839,38.071,8.561,39.18,9.519,11.253,11.264,10.933,18.855,8.826,10.033,13.565,12.222,0.0,0.0,0.0,0.0,0.0,0.0,0.0,0.0,0.0,0.0,0.0,0.0,0.0,0.0,0.0,0.0,0.0,0.0,0.0,0.0,0.0,0.0,0.0,0.0,0.0,0.0,0.0,0.0,0.0,0.0,0.0,0.0,0.0,0.0,0.0,0.0,0.0,0.0,0.0,0.0,0.0,0.0,0.0,0.0
0.0,0.0,0.537,0.0,0.0,0.0,0.0,0.0,0.0,0.0,0.0,0.0,0.0,0.0,0.0,64.886,9.82,12.213,8.693,8.88,7.935,11.899,6.965,11.892,9.751,8.804,6.966,8.24,8.24,9.521,8.241,8.24,9.201,18.085,13.033,10.607,8.24,9.84,9.679,6.647,21.76,0.0,48.675,7.68,14.774,12.238,33.918,8.245,17.133,13.813,7.49,13.28,36.399,9.52,21.954,9.521,25.853,11.947,19.706,8.297,8.246,11.252,10.296,9.652,0.0,0.0,0.0,0.0,0.0,0.0,0.0,0.0,0.0,0.0,0.0,0.0,0.0,0.0,0.0,0.0,0.0,0.0,0.0,0.0,0.0,0.0,0.0,0.0,0.0,0.0,0.0,0.0,0.0,0.0,0.0,0.0,0.0,0.0,0.0,0.0,0.0,0.0,0.0,0.0,0.0,0.0,0.0,0.0
0.0,0.0,0.504,0.0,0.0,0.0,0.0,0.0,0.0,0.0,0.0,0.0,0.0,0.0,0.0,59.668,23.679,8.88,6.646,17.485,8.88,9.2,9.2,6.659,8.24,8.249,6.646,7.286,6.326,7.6,8.56,7.599,10.48,9.839,7.286,9.52,32.831,28.144,14.019,13.301,8.881,48.675,0.0,7.6,10.934,6.335,10.503,8.255,8.88,14.267,7.882,30.13,14.457,7.609,8.561,7.279,15.866,9.452,9.521,10.426,7.236,8.913,10.788,32.131,0.0,0.0,0.0,0.0,0.0,0.0,0.0,0.0,0.0,0.0,0.0,0.0,0.0,0.0,0.0,0.0,0.0,0.0,0.0,0.0,0.0,0.0,0.0,0.0,0.0,0.0,0.0,0.0,0.0,0.0,0.0,0.0,0.0,0.0,0.0,0.0,0.0,0.0,0.0,0.0,0.0,0.0,0.0,0.0
0.0,0.0,0.39,0.0,0.0,0.0,0.0,0.0,0.0,0.0,0.0,0.0,0.0,0.0,0.0,20.665,17.092,20.158,7.285,15.66,25.87,8.88,13.648,23.226,9.199,9.519,10.009,8.56,7.816,7.599,7.615,8.559,8.24,7.6,8.559,9.839,21.304,7.92,7.92,17.211,19.471,7.68,7.6,0.0,6.465,7.6,12.461,9.84,6.966,10.967,14.134,9.518,22.586,9.199,12.347,7.279,31.882,7.599,7.925,8.193,6.96,10.468,16.638,9.636,0.0,0.0,0.0,0.0,0.0,0.0,0.0,0.0,0.0,0.0,0.0,0.0,0.0,0.0,0.0,0.0,0.0,0.0,0.0,0.0,0.0,0.0,0.0,0.0,0.0,0.0,0.0,0.0,0.0,0.0,0.0,0.0,0.0,0.0,0.0,0.0,0.0,0.0,0.0,0.0,0.0,0.0,0.0,0.0
0.0,0.0,0.489,0.0,0.0,0.0,0.0,0.0,0.0,0.0,0.0,0.0,0.0,0.0,0.0,11.66,10.238,37.323,11.275,14.874,6.646,9.2,7.987,10.16,13.071,6.358,8.377,8.833,7.232,13.305,10.161,8.56,8.393,10.293,12.567,15.113,17.281,49.249,7.601,29.731,9.2,14.774,10.934,6.465,0.0,6.647,15.498,7.919,7.61,12.212,9.52,7.605,18.24,8.88,21.367,9.199,9.84,11.261,9.84,12.854,9.281,7.681,7.919,12.212,0.0,0.0,0.0,0.0,0.0,0.0,0.0,0.0,0.0,0.0,0.0,0.0,0.0,0.0,0.0,0.0,0.0,0.0,0.0,0.0,0.0,0.0,0.0,0.0,0.0,0.0,0.0,0.0,0.0,0.0,0.0,0.0,0.0,0.0,0.0,0.0,0.0,0.0,0.0,0.0,0.0,0.0,0.0,0.0
0.0,0.0,0.441,0.0,0.0,0.0,0.0,0.0,0.0,0.0,0.0,0.0,0.0,0.0,0.0,13.993,38.237,15.069,18.137,9.204,15.004,9.519,7.285,6.966,6.961,9.199,7.286,6.64,7.28,10.48,10.16,8.88,8.24,8.561,8.246,10.48,9.931,36.93,9.224,17.833,13.202,12.238,6.335,7.6,6.647,0.0,7.28,7.92,7.92,9.467,8.577,7.92,10.934,8.239,8.882,6.96,7.753,8.24,8.561,19.902,8.661,7.286,10.943,33.781,0.0,0.0,0.0,0.0,0.0,0.0,0.0,0.0,0.0,0.0,0.0,0.0,0.0,0.0,0.0,0.0,0.0,0.0,0.0,0.0,0.0,0.0,0.0,0.0,0.0,0.0,0.0,0.0,0.0,0.0,0.0,0.0,0.0,0.0,0.0,0.0,0.0,0.0,0.0,0.0,0.0,0.0,0.0,0.0
0.0,0.0,0.444,0.0,0.0,0.0,0.0,0.0,0.0,0.0,0.0,0.0,0.0,0.0,0.0,39.422,38.345,11.892,20.346,26.322,10.48,8.561,8.561,8.56,7.921,8.889,9.839,10.479,8.247,7.926,7.92,8.677,6.966,10.16,9.839,7.926,38.107,7.92,12.666,32.913,16.824,33.918,10.503,12.461,15.498,7.28,0.0,9.013,10.933,13.174,7.727,7.921,18.106,8.247,6.326,7.605,26.239,6.639,7.92,10.274,7.92,22.818,12.859,30.719,0.0,0.0,0.0,0.0,0.0,0.0,0.0,0.0,0.0,0.0,0.0,0.0,0.0,0.0,0.0,0.0,0.0,0.0,0.0,0.0,0.0,0.0,0.0,0.0,0.0,0.0,0.0,0.0,0.0,0.0,0.0,0.0,0.0,0.0,0.0,0.0,0.0,0.0,0.0,0.0,0.0,0.0,0.0,0.0
0.0,0.0,0.416,0.0,0.0,0.0,0.0,0.0,0.0,0.0,0.0,0.0,0.0,0.0,0.0,31.713,51.682,12.259,12.533,11.498,7.002,9.519,7.281,10.48,9.519,8.239,7.28,9.2,8.56,9.521,8.241,7.279,8.88,6.96,6.959,20.611,7.284,7.835,6.325,6.961,10.231,8.245,8.255,9.84,7.919,7.92,9.013,0.0,7.6,13.717,7.608,9.52,20.04,7.605,7.28,6.974,7.919,8.88,7.925,12.532,8.88,8.24,18.901,17.566,0.0,0.0,0.0,0.0,0.0,0.0,0.0,0.0,0.0,0.0,0.0,0.0,0.0,0.0,0.0,0.0,0.0,0.0,0.0,0.0,0.0,0.0,0.0,0.0,0.0,0.0,0.0,0.0,0.0,0.0,0.0,0.0,0.0,0.0,0.0,0.0,0.0,0.0,0.0,0.0,0.0,0.0,0.0,0.0
0.0,0.0,0.443,0.0,0.0,0.0,0.0,0.0,0.0,0.0,0.0,0.0,0.0,0.0,0.0,58.719,11.357,8.368,18.549,10.292,7.698,7.92,9.52,7.919,7.6,22.454,31.042,8.559,6.96,9.52,6.961,9.839,6.96,7.92,6.646,6.961,9.84,35.043,8.743,9.821,6.967,17.133,8.88,6.966,7.61,7.92,10.933,7.6,0.0,14.664,6.965,6.973,7.6,6.96,8.561,8.879,7.411,9.52,7.599,9.039,10.799,7.286,22.585,8.448,0.0,0.0,0.0,0.0,0.0,0.0,0.0,0.0,0.0,0.0,0.0,0.0,0.0,0.0,0.0,0.0,0.0,0.0,0.0,0.0,0.0,0.0,0.0,0.0,0.0,0.0,0.0,0.0,0.0,0.0,0.0,0.0,0.0,0.0,0.0,0.0,0.0,0.0,0.0,0.0,0.0,0.0,0.0,0.0
0.0,0.0,0.503,0.0,0.0,0.0,0.0,0.0,0.0,0.0,0.0,0.0,0.0,0.0,0.0,33.15,11.662,8.599,9.52,7.92,9.2,6.326,6.325,17.514,10.159,9.199,7.606,7.28,7.28,8.248,7.281,8.879,31.625,7.28,9.2,7.92,60.256,12.221,13.771,31.089,7.836,13.813,14.267,10.967,12.212,9.467,13.174,13.717,14.664,0.0,8.88,9.84,11.206,9.2,9.2,8.879,11.892,7.928,6.966,26.052,6.959,6.959,13.813,12.393,0.0,0.0,0.0,0.0,0.0,0.0,0.0,0.0,0.0,0.0,0.0,0.0,0.0,0.0,0.0,0.0,0.0,0.0,0.0,0.0,0.0,0.0,0.0,0.0,0.0,0.0,0.0,0.0,0.0,0.0,0.0,0.0,0.0,0.0,0.0,0.0,0.0,0.0,0.0,0.0,0.0,0.0,0.0,0.0
0.0,0.0,0.509,0.0,0.0,0.0,0.0,0.0,0.0,0.0,0.0,0.0,0.0,0.0,0.0,16.387,41.813,7.451,11.574,7.287,7.599,11.213,7.926,9.519,7.6,6.966,9.84,9.199,6.974,8.24,9.2,9.839,8.246,14.4,7.92,11.892,6.012,20.049,19.074,10.915,8.513,7.49,7.882,14.134,9.52,8.577,7.727,7.608,6.965,8.88,0.0,8.88,7.921,9.201,8.882,7.28,10.079,9.52,8.562,14.874,8.56,6.966,6.645,7.46,0.0,0.0,0.0,0.0,0.0,0.0,0.0,0.0,0.0,0.0,0.0,0.0,0.0,0.0,0.0,0.0,0.0,0.0,0.0,0.0,0.0,0.0,0.0,0.0,0.0,0.0,0.0,0.0,0.0,0.0,0.0,0.0,0.0,0.0,0.0,0.0,0.0,0.0,0.0,0.0,0.0,0.0,0.0,0.0
0.0,0.0,0.425,0.0,0.0,0.0,0.0,0.0,0.0,0.0,0.0,0.0,0.0,0.0,0.0,32.975,26.878,8.197,8.931,12.862,7.599,8.559,6.965,8.567,6.96,8.239,6.965,7.927,7.285,8.559,8.24,9.199,7.281,8.878,6.965,6.965,32.964,11.269,31.038,6.96,19.839,13.28,30.13,9.518,7.605,7.92,7.921,9.52,6.973,9.84,8.88,0.0,9.973,9.519,9.2,9.519,8.559,8.239,8.239,15.086,8.608,9.346,9.496,7.28,0.0,0.0,0.0,0.0,0.0,0.0,0.0,0.0,0.0,0.0,0.0,0.0,0.0,0.0,0.0,0.0,0.0,0.0,0.0,0.0,0.0,0.0,0.0,0.0,0.0,0.0,0.0,0.0,0.0,0.0,0.0,0.0,0.0,0.0,0.0,0.0,0.0,0.0,0.0,0.0,0.0,0.0,0.0,0.0
0.0,0.0,0.47,0.0,0.0,0.0,0.0,0.0,0.0,0.0,0.0,0.0,0.0,0.0,0.0,65.366,9.978,7.286,6.646,7.057,8.88,8.56,16.466,8.859,12.994,26.322,8.141,9.61,6.646,9.029,8.241,9.519,7.606,8.402,7.92,6.735,6.959,8.88,7.919,7.6,38.071,36.399,14.457,22.586,18.24,10.934,18.106,20.04,7.6,11.206,7.921,9.973,0.0,7.926,9.84,9.52,7.926,8.246,8.881,6.012,9.2,8.88,17.145,10.16,0.0,0.0,0.0,0.0,0.0,0.0,0.0,0.0,0.0,0.0,0.0,0.0,0.0,0.0,0.0,0.0,0.0,0.0,0.0,0.0,0.0,0.0,0.0,0.0,0.0,0.0,0.0,0.0,0.0,0.0,0.0,0.0,0.0,0.0,0.0,0.0,0.0,0.0,0.0,0.0,0.0,0.0,0.0,0.0
0.0,0.0,0.436,0.0,0.0,0.0,0.0,0.0,0.0,0.0,0.0,0.0,0.0,0.0,0.0,17.758,9.841,26.559,8.561,8.56,8.239,6.012,7.599,8.88,8.88,8.559,8.88,9.848,9.52,7.92,7.921,9.199,9.2,8.247,8.56,8.882,21.57,13.204,9.981,8.561,8.561,9.52,7.609,9.199,8.88,8.239,8.247,7.605,6.96,9.2,9.201,9.519,7.926,0.0,8.56,7.285,9.84,9.841,11.892,13.993,9.841,7.969,9.519,8.559,0.0,0.0,0.0,0.0,0.0,0.0,0.0,0.0,0.0,0.0,0.0,0.0,0.0,0.0,0.0,0.0,0.0,0.0,0.0,0.0,0.0,0.0,0.0,0.0,0.0,0.0,0.0,0.0,0.0,0.0,0.0,0.0,0.0,0.0,0.0,0.0,0.0,0.0,0.0,0.0,0.0,0.0,0.0,0.0
0.0,0.0,0.479,0.0,0.0,0.0,0.0,0.0,0.0,0.0,0.0,0.0,0.0,0.0,0.0,47.779,30.412,9.332,7.606,41.874,8.241,6.96,15.448,9.826,9.973,23.865,9.84,20.025,6.646,18.382,11.837,7.184,7.606,7.649,9.839,21.196,41.466,7.92,15.746,10.747,39.18,21.954,8.561,12.347,21.367,8.882,6.326,7.28,8.561,9.2,8.882,9.2,9.84,8.56,0.0,7.605,8.239,13.492,7.92,8.56,7.599,8.56,15.66,8.239,0.0,0.0,0.0,0.0,0.0,0.0,0.0,0.0,0.0,0.0,0.0,0.0,0.0,0.0,0.0,0.0,0.0,0.0,0.0,0.0,0.0,0.0,0.0,0.0,0.0,0.0,0.0,0.0,0.0,0.0,0.0,0.0,0.0,0.0,0.0,0.0,0.0,0.0,0.0,0.0,0.0,0.0,0.0,0.0
0.0,0.0,0.34,0.0,0.0,0.0,0.0,0.0,0.0,0.0,0.0,0.0,0.0,0.0,0.0,26.237,13.665,8.24,14.008,8.24,8.831,25.788,6.011,7.609,7.92,20.985,20.665,22.265,11.894,9.519,6.646,32.46,13.945,6.645,7.599,8.879,7.925,6.64,6.966,8.88,9.519,9.521,7.279,7.279,9.199,6.96,7.605,6.974,8.879,8.879,7.28,9.519,9.52,7.285,7.605,0.0,8.246,10.293,6.96,12.214,8.251,9.52,10.161,8.898,0.0,0.0,0.0,0.0,0.0,0.0,0.0,0.0,0.0,0.0,0.0,0.0,0.0,0.0,0.0,0.0,0.0,0.0,0.0,0.0,0.0,0.0,0.0,0.0,0.0,0.0,0.0,0.0,0.0,0.0,0.0,0.0,0.0,0.0,0.0,0.0,0.0,0.0,0.0,0.0,0.0,0.0,0.0,0.0
0.0,0.0,0.544,0.0,0.0,0.0,0.0,0.0,0.0,0.0,0.0,0.0,0.0,0.0,0.0,22.541,6.96,8.266,7.919,8.01,8.879,9.52,8.88,9.519,9.201,32.023,13.678,7.92,7.599,15.092,7.607,8.239,15.735,15.232,6.959,8.24,18.113,12.345,20.345,7.28,11.253,25.853,15.866,31.882,9.84,7.753,26.239,7.919,7.411,11.892,10.079,8.559,7.926,9.84,8.239,8.246,0.0,6.967,6.965,6.491,7.6,6.967,18.384,9.201,0.0,0.0,0.0,0.0,0.0,0.0,0.0,0.0,0.0,0.0,0.0,0.0,0.0,0.0,0.0,0.0,0.0,0.0,0.0,0.0,0.0,0.0,0.0,0.0,0.0,0.0,0.0,0.0,0.0,0.0,0.0,0.0,0.0,0.0,0.0,0.0,0.0,0.0,0.0,0.0,0.0,0.0,0.0,0.0
0.0,0.0,0.529,0.0,0.0,0.0,0.0,0.0,0.0,0.0,0.0,0.0,0.0,0.0,0.0,6.96,16.54,21.32,7.6,38.345,10.933,7.599,8.24,40.458,9.2,9.84,10.16,14.772,11.135,13.174,8.296,20.376,10.613,10.751,7.558,8.497,7.604,8.239,9.519,8.56,11.264,11.947,9.452,7.599,11.261,8.24,6.639,8.88,9.52,7.928,9.52,8.239,8.246,9.841,13.492,10.293,6.967,0.0,9.841,10.425,7.667,13.759,9.339,6.326,0.0,0.0,0.0,0.0,0.0,0.0,0.0,0.0,0.0,0.0,0.0,0.0,0.0,0.0,0.0,0.0,0.0,0.0,0.0,0.0,0.0,0.0,0.0,0.0,0.0,0.0,0.0,0.0,0.0,0.0,0.0,0.0,0.0,0.0,0.0,0.0,0.0,0.0,0.0,0.0,0.0,0.0,0.0,0.0
0.0,0.0,0.559,0.0,0.0,0.0,0.0,0.0,0.0,0.0,0.0,0.0,0.0,0.0,0.0,43.021,26.246,24.788,9.332,12.723,25.331,12.214,6.011,11.134,12.254,24.767,7.638,14.772,18.425,12.813,7.281,17.465,10.676,6.64,8.56,13.976,7.279,8.674,32.309,31.178,10.933,19.706,9.521,7.925,9.84,8.561,7.92,7.925,7.599,6.966,8.562,8.239,8.881,11.892,7.92,6.96,6.965,9.841,0.0,13.772,8.819,16.441,6.646,14.267,0.0,0.0,0.0,0.0,0.0,0.0,0.0,0.0,0.0,0.0,0.0,0.0,0.0,0.0,0.0,0.0,0.0,0.0,0.0,0.0,0.0,0.0,0.0,0.0,0.0,0.0,0.0,0.0,0.0,0.0,0.0,0.0,0.0,0.0,0.0,0.0,0.0,0.0,0.0,0.0,0.0,0.0,0.0,0.0
0.0,0.0,0.553,0.0,0.0,0.0,0.0,0.0,0.0,0.0,0.0,0.0,0.0,0.0,0.0,29.295,41.453,13.039,9.52,9.875,10.481,9.2,9.528,8.56,6.646,20.578,8.24,6.965,6.012,6.334,8.561,8.245,23.359,7.615,6.325,8.238,10.628,10.621,20.024,16.453,18.855,8.297,10.426,8.193,12.854,19.902,10.274,12.532,9.039,26.052,14.874,15.086,6.012,13.993,8.56,12.214,6.491,10.425,13.772,0.0,8.24,45.9,8.246,10.161,0.0,0.0,0.0,0.0,0.0,0.0,0.0,0.0,0.0,0.0,0.0,0.0,0.0,0.0,0.0,0.0,0.0,0.0,0.0,0.0,0.0,0.0,0.0,0.0,0.0,0.0,0.0,0.0,0.0,0.0,0.0,0.0,0.0,0.0,0.0,0.0,0.0,0.0,0.0,0.0,0.0,0.0,0.0,0.0
0.0,0.0,0.531,0.0,0.0,0.0,0.0,0.0,0.0,0.0,0.0,0.0,0.0,0.0,0.0,32.138,38.532,8.034,11.395,8.88,25.304,11.889,8.24,9.295,13.172,9.298,9.519,8.559,7.6,10.16,8.56,10.489,8.561,7.605,8.88,9.52,6.959,7.688,7.279,7.607,8.826,8.246,7.236,6.96,9.281,8.661,7.92,8.88,10.799,6.959,8.56,8.608,9.2,9.841,7.599,8.251,7.6,7.667,8.819,8.24,0.0,8.826,7.892,16.008,0.0,0.0,0.0,0.0,0.0,0.0,0.0,0.0,0.0,0.0,0.0,0.0,0.0,0.0,0.0,0.0,0.0,0.0,0.0,0.0,0.0,0.0,0.0,0.0,0.0,0.0,0.0,0.0,0.0,0.0,0.0,0.0,0.0,0.0,0.0,0.0,0.0,0.0,0.0,0.0,0.0,0.0,0.0,0.0
0.0,0.0,0.46,0.0,0.0,0.0,0.0,0.0,0.0,0.0,0.0,0.0,0.0,0.0,0.0,49.785,17.551,29.252,19.114,32.256,17.145,11.573,12.58,7.92,9.521,10.16,7.92,8.559,7.926,8.56,6.646,7.285,6.961,7.288,7.606,8.56,48.345,41.045,6.959,8.138,10.033,11.252,8.913,10.468,7.681,7.286,22.818,8.24,7.286,6.959,6.966,9.346,8.88,7.969,8.56,9.52,6.967,13.759,16.441,45.9,8.826,0.0,7.29,8.56,0.0,0.0,0.0,0.0,0.0,0.0,0.0,0.0,0.0,0.0,0.0,0.0,0.0,0.0,0.0,0.0,0.0,0.0,0.0,0.0,0.0,0.0,0.0,0.0,0.0,0.0,0.0,0.0,0.0,0.0,0.0,0.0,0.0,0.0,0.0,0.0,0.0,0.0,0.0,0.0,0.0,0.0,0.0,0.0
0.0,0.0,0.485,0.0,0.0,0.0,0.0,0.0,0.0,0.0,0.0,0.0,0.0,0.0,0.0,27.775,9.52,14.812,7.919,12.985,12.399,6.326,33.287,15.594,20.674,20.985,25.722,6.96,20.799,22.585,7.599,9.795,8.241,16.505,14.905,14.23,37.385,20.664,10.613,9.52,13.565,10.296,10.788,16.638,7.919,10.943,12.859,18.901,22.585,13.813,6.645,9.496,17.145,9.519,15.66,10.161,18.384,9.339,6.646,8.246,7.892,7.29,0.0,14.132,0.0,0.0,0.0,0.0,0.0,0.0,0.0,0.0,0.0,0.0,0.0,0.0,0.0,0.0,0.0,0.0,0.0,0.0,0.0,0.0,0.0,0.0,0.0,0.0,0.0,0.0,0.0,0.0,0.0,0.0,0.0,0.0,0.0,0.0,0.0,0.0,0.0,0.0,0.0,0.0,0.0,0.0,0.0,0.0
0.0,0.0,0.528,0.0,0.0,0.0,0.0,0.0,0.0,0.0,0.0,0.0,0.0,0.0,0.0,76.22,36.605,9.611,22.084,11.259,13.492,6.785,12.213,13.172,30.051,8.24,8.88,13.819,8.373,7.583,6.96,20.057,7.142,8.692,21.589,23.437,10.913,8.406,10.932,8.88,12.222,9.652,32.131,9.636,12.212,33.781,30.719,17.566,8.448,12.393,7.46,7.28,10.16,8.559,8.239,8.898,9.201,6.326,14.267,10.161,16.008,8.56,14.132,0.0,0.0,0.0,0.0,0.0,0.0,0.0,0.0,0.0,0.0,0.0,0.0,0.0,0.0,0.0,0.0,0.0,0.0,0.0,0.0,0.0,0.0,0.0,0.0,0.0,0.0,0.0,0.0,0.0,0.0,0.0,0.0,0.0,0.0,0.0,0.0,0.0,0.0,0.0,0.0,0.0,0.0,0.0,0.0,0.0
0.0,0.0,0.0,0.587,0.0,0.0,0.0,0.0,0.0,0.0,0.0,0.0,0.0,0.0,0.0,0.0,0.0,0.0,0.0,0.0,0.0,0.0,0.0,0.0,0.0,0.0,0.0,0.0,0.0,0.0,0.0,0.0,0.0,0.0,0.0,0.0,0.0,0.0,0.0,0.0,0.0,0.0,0.0,0.0,0.0,0.0,0.0,0.0,0.0,0.0,0.0,0.0,0.0,0.0,0.0,0.0,0.0,0.0,0.0,0.0,0.0,0.0,0.0,0.0,0.0,32.446,44.149,7.921,24.162,40.031,53.895,47.351,23.226,22.907,27.476,22.902,0.0,0.0,0.0,0.0,0.0,0.0,0.0,0.0,0.0,0.0,0.0,0.0,0.0,0.0,0.0,0.0,0.0,0.0,0.0,0.0,0.0,0.0,0.0,0.0,0.0,0.0,0.0,0.0,0.0,0.0,0.0,0.0
0.0,0.0,0.0,0.569,0.0,0.0,0.0,0.0,0.0,0.0,0.0,0.0,0.0,0.0,0.0,0.0,0.0,0.0,0.0,0.0,0.0,0.0,0.0,0.0,0.0,0.0,0.0,0.0,0.0,0.0,0.0,0.0,0.0,0.0,0.0,0.0,0.0,0.0,0.0,0.0,0.0,0.0,0.0,0.0,0.0,0.0,0.0,0.0,0.0,0.0,0.0,0.0,0.0,0.0,0.0,0.0,0.0,0.0,0.0,0.0,0.0,0.0,0.0,0.0,32.446,0.0,8.559,9.613,20.29,27.428,34.351,12.854,8.242,10.451,7.925,25.448,0.0,0.0,0.0,0.0,0.0,0.0,0.0,0.0,0.0,0.0,0.0,0.0,0.0,0.0,0.0,0.0,0.0,0.0,0.0,0.0,0.0,0.0,0.0,0.0,0.0,0.0,0.0,0.0,0.0,0.0,0.0,0.0
0.0,0.0,0.0,0.566,0.0,0.0,0.0,0.0,0.0,0.0,0.0,0.0,0.0,0.0,0.0,0.0,0.0,0.0,0.0,0.0,0.0,0.0,0.0,0.0,0.0,0.0,0.0,0.0,0.0,0.0,0.0,0.0,0.0,0.0,0.0,0.0,0.0,0.0,0.0,0.0,0.0,0.0,0.0,0.0,0.0,0.0,0.0,0.0,0.0,0.0,0.0,0.0,0.0,0.0,0.0,0.0,0.0,0.0,0.0,0.0,0.0,0.0,0.0,0.0,44.149,8.559,0.0,15.092,8.558,40.903,32.453,12.853,14.266,20.025,6.639,28.98,0.0,0.0,0.0,0.0,0.0,0.0,0.0,0.0,0.0,0.0,0.0,0.0,0.0,0.0,0.0,0.0,0.0,0.0,0.0,0.0,0.0,0.0,0.0,0.0,0.0,0.0,0.0,0.0,0.0,0.0,0.0,0.0
0.0,0.0,0.0,0.551,0.0,0.0,0.0,0.0,0.0,0.0,0.0,0.0,0.0,0.0,0.0,0.0,0.0,0.0,0.0,0.0,0.0,0.0,0.0,0.0,0.0,0.0,0.0,0.0,0.0,0.0,0.0,0.0,0.0,0.0,0.0,0.0,0.0,0.0,0.0,0.0,0.0,0.0,0.0,0.0,0.0,0.0,0.0,0.0,0.0,0.0,0.0,0.0,0.0,0.0,0.0,0.0,0.0,0.0,0.0,0.0,0.0,0.0,0.0,0.0,7.921,9.613,15.092,0.0,8.617,14.403,9.202,9.2,28.479,6.391,8.88,18.649,0.0,0.0,0.0,0.0,0.0,0.0,0.0,0.0,0.0,0.0,0.0,0.0,0.0,0.0,0.0,0.0,0.0,0.0,0.0,0.0,0.0,0.0,0.0,0.0,0.0,0.0,0.0,0.0,0.0,0.0,0.0,0.0
0.0,0.0,0.0,0.647,0.0,0.0,0.0,0.0,0.0,0.0,0.0,0.0,0.0,0.0,0.0,0.0,0.0,0.0,0.0,0.0,0.0,0.0,0.0,0.0,0.0,0.0,0.0,0.0,0.0,0.0,0.0,0.0,0.0,0.0,0.0,0.0,0.0,0.0,0.0,0.0,0.0,0.0,0.0,0.0,0.0,0.0,0.0,0.0,0.0,0.0,0.0,0.0,0.0,0.0,0.0,0.0,0.0,0.0,0.0,0.0,0.0,0.0,0.0,0.0,24.162,20.29,8.558,8.617,0.0,9.839,8.88,8.879,12.533,7.921,29.608,12.533,0.0,0.0,0.0,0.0,0.0,0.0,0.0,0.0,0.0,0.0,0.0,0.0,0.0,0.0,0.0,0.0,0.0,0.0,0.0,0.0,0.0,0.0,0.0,0.0,0.0,0.0,0.0,0.0,0.0,0.0,0.0,0.0
0.0,0.0,0.0,0.55,0.0,0.0,0.0,0.0,0.0,0.0,0.0,0.0,0.0,0.0,0.0,0.0,0.0,0.0,0.0,0.0,0.0,0.0,0.0,0.0,0.0,0.0,0.0,0.0,0.0,0.0,0.0,0.0,0.0,0.0,0.0,0.0,0.0,0.0,0.0,0.0,0.0,0.0,0.0,0.0,0.0,0.0,0.0,0.0,0.0,0.0,0.0,0.0,0.0,0.0,0.0,0.0,0.0,0.0,0.0,0.0,0.0,0.0,0.0,0.0,40.031,27.428,40.903,14.403,9.839,0.0,6.647,9.209,12.984,10.16,10.48,8.241,0.0,0.0,0.0,0.0,0.0,0.0,0.0,0.0,0.0,0.0,0.0,0.0,0.0,0.0,0.0,0.0,0.0,0.0,0.0,0.0,0.0,0.0,0.0,0.0,0.0,0.0,0.0,0.0,0.0,0.0,0.0,0.0
0.0,0.0,0.0,0.543,0.0,0.0,0.0,0.0,0.0,0.0,0.0,0.0,0.0,0.0,0.0,0.0,0.0,0.0,0.0,0.0,0.0,0.0,0.0,0.0,0.0,0.0,0.0,0.0,0.0,0.0,0.0,0.0,0.0,0.0,0.0,0.0,0.0,0.0,0.0,0.0,0.0,0.0,0.0,0.0,0.0,0.0,0.0,0.0,0.0,0.0,0.0,0.0,0.0,0.0,0.0,0.0,0.0,0.0,0.0,0.0,0.0,0.0,0.0,0.0,53.895,34.351,32.453,9.202,8.88,6.647,0.0,8.24,14.439,9.653,10.159,16.826,0.0,0.0,0.0,0.0,0.0,0.0,0.0,0.0,0.0,0.0,0.0,0.0,0.0,0.0,0.0,0.0,0.0,0.0,0.0,0.0,0.0,0.0,0.0,0.0,0.0,0.0,0.0,0.0,0.0,0.0,0.0,0.0
0.0,0.0,0.0,0.481,0.0,0.0,0.0,0.0,0.0,0.0,0.0,0.0,0.0,0.0,0.0,0.0,0.0,0.0,0.0,0.0,0.0,0.0,0.0,0.0,0.0,0.0,0.0,0.0,0.0,0.0,0.0,0.0,0.0,0.0,0.0,0.0,0.0,0.0,0.0,0.0,0.0,0.0,0.0,0.0,0.0,0.0,0.0,0.0,0.0,0.0,0.0,0.0,0.0,0.0,0.0,0.0,0.0,0.0,0.0,0.0,0.0,0.0,0.0,0.0,47.351,12.854,12.853,9.2,8.879,9.209,8.24,0.0,10.934,22.33,8.249,7.921,0.0,0.0,0.0,0.0,0.0,0.0,0.0,0.0,0.0,0.0,0.0,0.0,0.0,0.0,0.0,0.0,0.0,0.0,0.0,0.0,0.0,0.0,0.0,0.0,0.0,0.0,0.0,0.0,0.0,0.0,0.0,0.0
0.0,0.0,0.0,0.522,0.0,0.0,0.0,0.0,0.0,0.0,0.0,0.0,0.0,0.0,0.0,0.0,0.0,0.0,0.0,0.0,0.0,0.0,0.0,0.0,0.0,0.0,0.0,0.0,0.0,0.0,0.0,0.0,0.0,0.0,0.0,0.0,0.0,0.0,0.0,0.0,0.0,0.0,0.0,0.0,0.0,0.0,0.0,0.0,0.0,0.0,0.0,0.0,0.0,0.0,0.0,0.0,0.0,0.0,0.0,0.0,0.0,0.0,0.0,0.0,23.226,8.242,14.266,28.479,12.533,12.984,14.439,10.934,0.0,9.519,9.199,7.601,0.0,0.0,0.0,0.0,0.0,0.0,0.0,0.0,0.0,0.0,0.0,0.0,0.0,0.0,0.0,0.0,0.0,0.0,0.0,0.0,0.0,0.0,0.0,0.0,0.0,0.0,0.0,0.0,0.0,0.0,0.0,0.0
0.0,0.0,0.0,0.523,0.0,0.0,0.0,0.0,0.0,0.0,0.0,0.0,0.0,0.0,0.0,0.0,0.0,0.0,0.0,0.0,0.0,0.0,0.0,0.0,0.0,0.0,0.0,0.0,0.0,0.0,0.0,0.0,0.0,0.0,0.0,0.0,0.0,0.0,0.0,0.0,0.0,0.0,0.0,0.0,0.0,0.0,0.0,0.0,0.0,0.0,0.0,0.0,0.0,0.0,0.0,0.0,0.0,0.0,0.0,0.0,0.0,0.0,0.0,0.0,22.907,10.451,20.025,6.391,7.921,10.16,9.653,22.33,9.519,0.0,8.56,7.92,0.0,0.0,0.0,0.0,0.0,0.0,0.0,0.0,0.0,0.0,0.0,0.0,0.0,0.0,0.0,0.0,0.0,0.0,0.0,0.0,0.0,0.0,0.0,0.0,0.0,0.0,0.0,0.0,0.0,0.0,0.0,0.0
0.0,0.0,0.0,0.577,0.0,0.0,0.0,0.0,0.0,0.0,0.0,0.0,0.0,0.0,0.0,0.0,0.0,0.0,0.0,0.0,0.0,0.0,0.0,0.0,0.0,0.0,0.0,0.0,0.0,0.0,0.0,0.0,0.0,0.0,0.0,0.0,0.0,0.0,0.0,0.0,0.0,0.0,0.0,0.0,0.0,0.0,0.0,0.0,0.0,0.0,0.0,0.0,0.0,0.0,0.0,0.0,0.0,0.0,0.0,0.0,0.0,0.0,0.0,0.0,27.476,7.925,6.639,8.88,29.608,10.48,10.159,8.249,9.199,8.56,0.0,8.88,0.0,0.0,0.0,0.0,0.0,0.0,0.0,0.0,0.0,0.0,0.0,0.0,0.0,0.0,0.0,0.0,0.0,0.0,0.0,0.0,0.0,0.0,0.0,0.0,0.0,0.0,0.0,0.0,0.0,0.0,0.0,0.0
0.0,0.0,0.0,0.681,0.0,0.0,0.0,0.0,0.0,0.0,0.0,0.0,0.0,0.0,0.0,0.0,0.0,0.0,0.0,0.0,0.0,0.0,0.0,0.0,0.0,0.0,0.0,0.0,0.0,0.0,0.0,0.0,0.0,0.0,0.0,0.0,0.0,0.0,0.0,0.0,0.0,0.0,0.0,0.0,0.0,0.0,0.0,0.0,0.0,0.0,0.0,0.0,0.0,0.0,0.0,0.0,0.0,0.0,0.0,0.0,0.0,0.0,0.0,0.0,22.902,25.448,28.98,18.649,12.533,8.241,16.826,7.921,7.601,7.92,8.88,0.0,0.0,0.0,0.0,0.0,0.0,0.0,0.0,0.0,0.0,0.0,0.0,0.0,0.0,0.0,0.0,0.0,0.0,0.0,0.0,0.0,0.0,0.0,0.0,0.0,0.0,0.0,0.0,0.0,0.0,0.0,0.0,0.0
