grenoble,lille,paris,saclay,strasbourg,lille_20_m3-1,lille_20_m3-3,lille_20_m3-4,lille_20_m3-6,lille_20_m3-13,lille_20_m3-15,lille_20_m3-17,lille_20_m3-18,lille_20_m3-19,lille_20_m3-20,lille_20_m3-22,lille_20_m3-23,paris_m3-4,paris_m3-5,paris_m3-6,paris_m3-7,paris_m3-8,paris_m3-10,paris_m3-11,paris_m3-12,paris_m3-13,paris_m3-14,paris_m3-15,paris_m3-16,paris_m3-17,paris_m3-18,paris_m3-19,paris_m3-20,paris_m3-21,paris_m3-22,paris_m3-23,paris_m3-24,paris_m3-25,paris_m3-26,paris_m3-27,paris_m3-28,paris_m3-31,paris_m3-35,paris_m3-36,paris_m3-37,paris_m3-38,paris_m3-39,paris_m3-40,paris_m3-41,paris_m3-42,paris_m3-43,paris_m3-44,paris_m3-47,paris_m3-48,paris_m3-49,paris_m3-50,paris_m3-51,paris_m3-52,paris_m3-53,paris_m3-55,paris_m3-56,paris_m3-57,paris_m3-60,paris_m3-61,paris_m3-63,paris_m3-64,saclay_m3-1,saclay_m3-2,saclay_m3-3,saclay_m3-4,saclay_m3-5,saclay_m3-6,saclay_m3-7,saclay_m3-8,saclay_m3-9,saclay_m3-10,saclay_m3-11,saclay_m3-12,strasbourg_m3-2,strasbourg_m3-3,strasbourg_m3-6,strasbourg_m3-7,strasbourg_m3-12,strasbourg_m3-13,strasbourg_m3-14,strasbourg_m3-15,strasbourg_m3-18,strasbourg_m3-19,strasbourg_m3-23,strasbourg_m3-25,strasbourg_m3-28,strasbourg_m3-30,strasbourg_m3-31,strasbourg_m3-34,strasbourg_m3-35,strasbourg_m3-38,strasbourg_m3-40,strasbourg_m3-41,strasbourg_m3-42,strasbourg_m3-44,strasbourg_m3-45,strasbourg_m3-46,strasbourg_m3-47,strasbourg_m3-49,strasbourg_m3-51,strasbourg_m3-54,strasbourg_m3-55,strasbourg_m3-58,strasbourg_m3-59,strasbourg_m3-63
0.0,0.0,13.1,12.1,12.5,0.0,0.0,0.0,0.0,0.0,0.0,0.0,0.0,0.0,0.0,0.0,0.0,13.599,13.583,13.609,13.482,13.54,13.578,13.565999999999999,13.558,13.461,13.57,13.541,13.588,13.558,13.616,13.556,13.549,13.599,13.600999999999999,13.605,13.551,13.516,13.549,13.56,13.551,13.552,13.529,13.548,13.549,13.557,13.56,13.556,13.552,13.56,13.562999999999999,13.562999999999999,13.543,13.559,13.528,13.552,13.610999999999999,13.589,13.642,13.613999999999999,13.633,13.654,13.690999999999999,13.649,13.633,13.58,12.693999999999999,12.671,12.648,12.681,12.578,12.641,12.655,12.655,12.583,12.626,12.677999999999999,12.828999999999999,13.196,13.174,13.244,13.179,13.184,13.145,13.139,13.152,13.149000000000001,13.175,13.133,13.068,13.186,13.16,13.100999999999999,13.086,13.173,13.165,13.08,13.169,13.168,13.187,13.163,13.185,13.112,13.2,13.095,13.158,13.139,13.223,13.169,13.175
0.0,0.0,6.68,7.17,17.6,0.0,0.0,0.0,0.0,0.0,0.0,0.0,0.0,0.0,0.0,0.0,0.0,7.178999999999999,7.162999999999999,7.189,7.061999999999999,7.12,7.1579999999999995,7.146,7.138,7.0409999999999995,7.1499999999999995,7.1209999999999996,7.167999999999999,7.138,7.196,7.136,7.129,7.178999999999999,7.181,7.185,7.130999999999999,7.096,7.129,7.14,7.130999999999999,7.132,7.109,7.128,7.129,7.137,7.14,7.136,7.132,7.14,7.143,7.143,7.122999999999999,7.138999999999999,7.108,7.132,7.191,7.169,7.2219999999999995,7.194,7.213,7.234,7.271,7.229,7.213,7.16,7.764,7.741,7.718,7.7509999999999994,7.648,7.711,7.725,7.725,7.653,7.696,7.748,7.899,18.296000000000003,18.274,18.344,18.279,18.284000000000002,18.245,18.239,18.252000000000002,18.249000000000002,18.275000000000002,18.233,18.168000000000003,18.286,18.26,18.201,18.186,18.273000000000003,18.265,18.18,18.269000000000002,18.268,18.287000000000003,18.263,18.285,18.212,18.3,18.195,18.258000000000003,18.239,18.323,18.269000000000002,18.275000000000002
13.1,6.68,0.0,1.9,15.6,6.68,6.68,6.68,6.68,6.68,6.68,6.68,6.68,6.68,6.68,6.68,6.68,0.499,0.483,0.509,0.382,0.44,0.478,0.466,0.458,0.361,0.47,0.441,0.488,0.458,0.516,0.456,0.449,0.499,0.501,0.505,0.451,0.416,0.449,0.46,0.451,0.452,0.429,0.448,0.449,0.457,0.46,0.456,0.452,0.46,0.463,0.463,0.443,0.459,0.428,0.452,0.511,0.489,0.542,0.514,0.533,0.554,0.591,0.549,0.533,0.48,2.4939999999999998,2.471,2.448,2.481,2.378,2.441,2.455,2.455,2.383,2.426,2.4779999999999998,2.629,16.296,16.274,16.344,16.279,16.284,16.245,16.239,16.252,16.249,16.275,16.233,16.168,16.286,16.259999999999998,16.201,16.186,16.273,16.265,16.18,16.269,16.268,16.287,16.262999999999998,16.285,16.212,16.3,16.195,16.258,16.239,16.323,16.269,16.275
12.1,7.17,1.9,0.0,14.6,7.17,7.17,7.17,7.17,7.17,7.17,7.17,7.17,7.17,7.17,7.17,7.17,2.399,2.383,2.409,2.282,2.34,2.378,2.366,2.358,2.261,2.37,2.3409999999999997,2.388,2.358,2.416,2.356,2.3489999999999998,2.399,2.401,2.405,2.351,2.316,2.3489999999999998,2.36,2.351,2.352,2.3289999999999997,2.348,2.3489999999999998,2.3569999999999998,2.36,2.356,2.352,2.36,2.363,2.363,2.343,2.359,2.328,2.352,2.411,2.389,2.442,2.4139999999999997,2.433,2.4539999999999997,2.4909999999999997,2.449,2.433,2.38,0.594,0.571,0.548,0.581,0.478,0.541,0.555,0.555,0.483,0.526,0.578,0.729,15.296,15.274,15.344,15.279,15.283999999999999,15.245,15.238999999999999,15.251999999999999,15.248999999999999,15.275,15.233,15.168,15.286,15.26,15.201,15.186,15.273,15.265,15.18,15.269,15.267999999999999,15.286999999999999,15.263,15.285,15.212,15.299999999999999,15.195,15.258,15.238999999999999,15.323,15.269,15.275
12.5,17.6,15.6,14.6,0.0,17.6,17.6,17.6,17.6,17.6,17.6,17.6,17.6,17.6,17.6,17.6,17.6,16.099,16.083,16.108999999999998,15.982,16.04,16.078,16.066,16.058,15.961,16.07,16.041,16.088,16.058,16.116,16.056,16.049,16.099,16.101,16.105,16.051,16.016,16.049,16.06,16.051,16.052,16.029,16.048,16.049,16.057,16.06,16.056,16.052,16.06,16.063,16.063,16.043,16.059,16.028,16.052,16.111,16.089,16.142,16.114,16.133,16.154,16.191,16.149,16.133,16.08,15.193999999999999,15.171,15.148,15.181,15.078,15.141,15.155,15.155,15.083,15.126,15.177999999999999,15.328999999999999,0.696,0.674,0.744,0.679,0.684,0.645,0.639,0.652,0.649,0.675,0.633,0.568,0.686,0.66,0.601,0.586,0.673,0.665,0.58,0.669,0.668,0.687,0.663,0.685,0.612,0.7,0.595,0.658,0.639,0.723,0.669,0.675
0.0,0.0,6.68,7.17,17.6,0.0,41.235,37.18,8.249,33.997,8.24,36.477,16.569,17.37,7.281,7.92,14.603,7.178999999999999,7.162999999999999,7.189,7.061999999999999,7.12,7.1579999999999995,7.146,7.138,7.0409999999999995,7.1499999999999995,7.1209999999999996,7.167999999999999,7.138,7.196,7.136,7.129,7.178999999999999,7.181,7.185,7.130999999999999,7.096,7.129,7.14,7.130999999999999,7.132,7.109,7.128,7.129,7.137,7.14,7.136,7.132,7.14,7.143,7.143,7.122999999999999,7.138999999999999,7.108,7.132,7.191,7.169,7.2219999999999995,7.194,7.213,7.234,7.271,7.229,7.213,7.16,7.764,7.741,7.718,7.7509999999999994,7.648,7.711,7.725,7.725,7.653,7.696,7.748,7.899,18.296000000000003,18.274,18.344,18.279,18.284000000000002,18.245,18.239,18.252000000000002,18.249000000000002,18.275000000000002,18.233,18.168000000000003,18.286,18.26,18.201,18.186,18.273000000000003,18.265,18.18,18.269000000000002,18.268,18.287000000000003,18.263,18.285,18.212,18.3,18.195,18.258000000000003,18.239,18.323,18.269000000000002,18.275000000000002
0.0,0.0,6.68,7.17,17.6,41.235,0.0,0.0,0.0,0.0,0.0,0.0,0.0,0.0,0.0,0.0,0.0,7.178999999999999,7.162999999999999,7.189,7.061999999999999,7.12,7.1579999999999995,7.146,7.138,7.0409999999999995,7.1499999999999995,7.1209999999999996,7.167999999999999,7.138,7.196,7.136,7.129,7.178999999999999,7.181,7.185,7.130999999999999,7.096,7.129,7.14,7.130999999999999,7.132,7.109,7.128,7.129,7.137,7.14,7.136,7.132,7.14,7.143,7.143,7.122999999999999,7.138999999999999,7.108,7.132,7.191,7.169,7.2219999999999995,7.194,7.213,7.234,7.271,7.229,7.213,7.16,7.764,7.741,7.718,7.7509999999999994,7.648,7.711,7.725,7.725,7.653,7.696,7.748,7.899,18.296000000000003,18.274,18.344,18.279,18.284000000000002,18.245,18.239,18.252000000000002,18.249000000000002,18.275000000000002,18.233,18.168000000000003,18.286,18.26,18.201,18.186,18.273000000000003,18.265,18.18,18.269000000000002,18.268,18.287000000000003,18.263,18.285,18.212,18.3,18.195,18.258000000000003,18.239,18.323,18.269000000000002,18.275000000000002
0.0,0.0,6.68,7.17,17.6,37.18,0.0,0.0,0.0,0.0,0.0,0.0,0.0,0.0,0.0,0.0,0.0,7.178999999999999,7.162999999999999,7.189,7.061999999999999,7.12,7.1579999999999995,7.146,7.138,7.0409999999999995,7.1499999999999995,7.1209999999999996,7.167999999999999,7.138,7.196,7.136,7.129,7.178999999999999,7.181,7.185,7.130999999999999,7.096,7.129,7.14,7.130999999999999,7.132,7.109,7.128,7.129,7.137,7.14,7.136,7.132,7.14,7.143,7.143,7.122999999999999,7.138999999999999,7.108,7.132,7.191,7.169,7.2219999999999995,7.194,7.213,7.234,7.271,7.229,7.213,7.16,7.764,7.741,7.718,7.7509999999999994,7.648,7.711,7.725,7.725,7.653,7.696,7.748,7.899,18.296000000000003,18.274,18.344,18.279,18.284000000000002,18.245,18.239,18.252000000000002,18.249000000000002,18.275000000000002,18.233,18.168000000000003,18.286,18.26,18.201,18.186,18.273000000000003,18.265,18.18,18.269000000000002,18.268,18.287000000000003,18.263,18.285,18.212,18.3,18.195,18.258000000000003,18.239,18.323,18.269000000000002,18.275000000000002
0.0,0.0,6.68,7.17,17.6,8.249,0.0,0.0,0.0,0.0,0.0,0.0,0.0,0.0,0.0,0.0,0.0,7.178999999999999,7.162999999999999,7.189,7.061999999999999,7.12,7.1579999999999995,7.146,7.138,7.0409999999999995,7.1499999999999995,7.1209999999999996,7.167999999999999,7.138,7.196,7.136,7.129,7.178999999999999,7.181,7.185,7.130999999999999,7.096,7.129,7.14,7.130999999999999,7.132,7.109,7.128,7.129,7.137,7.14,7.136,7.132,7.14,7.143,7.143,7.122999999999999,7.138999999999999,7.108,7.132,7.191,7.169,7.2219999999999995,7.194,7.213,7.234,7.271,7.229,7.213,7.16,7.764,7.741,7.718,7.7509999999999994,7.648,7.711,7.725,7.725,7.653,7.696,7.748,7.899,18.296000000000003,18.274,18.344,18.279,18.284000000000002,18.245,18.239,18.252000000000002,18.249000000000002,18.275000000000002,18.233,18.168000000000003,18.286,18.26,18.201,18.186,18.273000000000003,18.265,18.18,18.269000000000002,18.268,18.287000000000003,18.263,18.285,18.212,18.3,18.195,18.258000000000003,18.239,18.323,18.269000000000002,18.275000000000002
0.0,0.0,6.68,7.17,17.6,33.997,0.0,0.0,0.0,0.0,0.0,0.0,0.0,0.0,0.0,0.0,0.0,7.178999999999999,7.162999999999999,7.189,7.061999999999999,7.12,7.1579999999999995,7.146,7.138,7.0409999999999995,7.1499999999999995,7.1209999999999996,7.167999999999999,7.138,7.196,7.136,7.129,7.178999999999999,7.181,7.185,7.130999999999999,7.096,7.129,7.14,7.130999999999999,7.132,7.109,7.128,7.129,7.137,7.14,7.136,7.132,7.14,7.143,7.143,7.122999999999999,7.138999999999999,7.108,7.132,7.191,7.169,7.2219999999999995,7.194,7.213,7.234,7.271,7.229,7.213,7.16,7.764,7.741,7.718,7.7509999999999994,7.648,7.711,7.725,7.725,7.653,7.696,7.748,7.899,18.296000000000003,18.274,18.344,18.279,18.284000000000002,18.245,18.239,18.252000000000002,18.249000000000002,18.275000000000002,18.233,18.168000000000003,18.286,18.26,18.201,18.186,18.273000000000003,18.265,18.18,18.269000000000002,18.268,18.287000000000003,18.263,18.285,18.212,18.3,18.195,18.258000000000003,18.239,18.323,18.269000000000002,18.275000000000002
0.0,0.0,6.68,7.17,17.6,8.24,0.0,0.0,0.0,0.0,0.0,0.0,0.0,0.0,0.0,0.0,0.0,7.178999999999999,7.162999999999999,7.189,7.061999999999999,7.12,7.1579999999999995,7.146,7.138,7.0409999999999995,7.1499999999999995,7.1209999999999996,7.167999999999999,7.138,7.196,7.136,7.129,7.178999999999999,7.181,7.185,7.130999999999999,7.096,7.129,7.14,7.130999999999999,7.132,7.109,7.128,7.129,7.137,7.14,7.136,7.132,7.14,7.143,7.143,7.122999999999999,7.138999999999999,7.108,7.132,7.191,7.169,7.2219999999999995,7.194,7.213,7.234,7.271,7.229,7.213,7.16,7.764,7.741,7.718,7.7509999999999994,7.648,7.711,7.725,7.725,7.653,7.696,7.748,7.899,18.296000000000003,18.274,18.344,18.279,18.284000000000002,18.245,18.239,18.252000000000002,18.249000000000002,18.275000000000002,18.233,18.168000000000003,18.286,18.26,18.201,18.186,18.273000000000003,18.265,18.18,18.269000000000002,18.268,18.287000000000003,18.263,18.285,18.212,18.3,18.195,18.258000000000003,18.239,18.323,18.269000000000002,18.275000000000002
0.0,0.0,6.68,7.17,17.6,36.477,0.0,0.0,0.0,0.0,0.0,0.0,0.0,0.0,0.0,0.0,0.0,7.178999999999999,7.162999999999999,7.189,7.061999999999999,7.12,7.1579999999999995,7.146,7.138,7.0409999999999995,7.1499999999999995,7.1209999999999996,7.167999999999999,7.138,7.196,7.136,7.129,7.178999999999999,7.181,7.185,7.130999999999999,7.096,7.129,7.14,7.130999999999999,7.132,7.109,7.128,7.129,7.137,7.14,7.136,7.132,7.14,7.143,7.143,7.122999999999999,7.138999999999999,7.108,7.132,7.191,7.169,7.2219999999999995,7.194,7.213,7.234,7.271,7.229,7.213,7.16,7.764,7.741,7.718,7.7509999999999994,7.648,7.711,7.725,7.725,7.653,7.696,7.748,7.899,18.296000000000003,18.274,18.344,18.279,18.284000000000002,18.245,18.239,18.252000000000002,18.249000000000002,18.275000000000002,18.233,18.168000000000003,18.286,18.26,18.201,18.186,18.273000000000003,18.265,18.18,18.269000000000002,18.268,18.287000000000003,18.263,18.285,18.212,18.3,18.195,18.258000000000003,18.239,18.323,18.269000000000002,18.275000000000002
0.0,0.0,6.68,7.17,17.6,16.569,0.0,0.0,0.0,0.0,0.0,0.0,0.0,0.0,0.0,0.0,0.0,7.178999999999999,7.162999999999999,7.189,7.061999999999999,7.12,7.1579999999999995,7.146,7.138,7.0409999999999995,7.1499999999999995,7.1209999999999996,7.167999999999999,7.138,7.196,7.136,7.129,7.178999999999999,7.181,7.185,7.130999999999999,7.096,7.129,7.14,7.130999999999999,7.132,7.109,7.128,7.129,7.137,7.14,7.136,7.132,7.14,7.143,7.143,7.122999999999999,7.138999999999999,7.108,7.132,7.191,7.169,7.2219999999999995,7.194,7.213,7.234,7.271,7.229,7.213,7.16,7.764,7.741,7.718,7.7509999999999994,7.648,7.711,7.725,7.725,7.653,7.696,7.748,7.899,18.296000000000003,18.274,18.344,18.279,18.284000000000002,18.245,18.239,18.252000000000002,18.249000000000002,18.275000000000002,18.233,18.168000000000003,18.286,18.26,18.201,18.186,18.273000000000003,18.265,18.18,18.269000000000002,18.268,18.287000000000003,18.263,18.285,18.212,18.3,18.195,18.258000000000003,18.239,18.323,18.269000000000002,18.275000000000002
0.0,0.0,6.68,7.17,17.6,17.37,0.0,0.0,0.0,0.0,0.0,0.0,0.0,0.0,0.0,0.0,0.0,7.178999999999999,7.162999999999999,7.189,7.061999999999999,7.12,7.1579999999999995,7.146,7.138,7.0409999999999995,7.1499999999999995,7.1209999999999996,7.167999999999999,7.138,7.196,7.136,7.129,7.178999999999999,7.181,7.185,7.130999999999999,7.096,7.129,7.14,7.130999999999999,7.132,7.109,7.128,7.129,7.137,7.14,7.136,7.132,7.14,7.143,7.143,7.122999999999999,7.138999999999999,7.108,7.132,7.191,7.169,7.2219999999999995,7.194,7.213,7.234,7.271,7.229,7.213,7.16,7.764,7.741,7.718,7.7509999999999994,7.648,7.711,7.725,7.725,7.653,7.696,7.748,7.899,18.296000000000003,18.274,18.344,18.279,18.284000000000002,18.245,18.239,18.252000000000002,18.249000000000002,18.275000000000002,18.233,18.168000000000003,18.286,18.26,18.201,18.186,18.273000000000003,18.265,18.18,18.269000000000002,18.268,18.287000000000003,18.263,18.285,18.212,18.3,18.195,18.258000000000003,18.239,18.323,18.269000000000002,18.275000000000002
0.0,0.0,6.68,7.17,17.6,7.281,0.0,0.0,0.0,0.0,0.0,0.0,0.0,0.0,0.0,0.0,0.0,7.178999999999999,7.162999999999999,7.189,7.061999999999999,7.12,7.1579999999999995,7.146,7.138,7.0409999999999995,7.1499999999999995,7.1209999999999996,7.167999999999999,7.138,7.196,7.136,7.129,7.178999999999999,7.181,7.185,7.130999999999999,7.096,7.129,7.14,7.130999999999999,7.132,7.109,7.128,7.129,7.137,7.14,7.136,7.132,7.14,7.143,7.143,7.122999999999999,7.138999999999999,7.108,7.132,7.191,7.169,7.2219999999999995,7.194,7.213,7.234,7.271,7.229,7.213,7.16,7.764,7.741,7.718,7.7509999999999994,7.648,7.711,7.725,7.725,7.653,7.696,7.748,7.899,18.296000000000003,18.274,18.344,18.279,18.284000000000002,18.245,18.239,18.252000000000002,18.249000000000002,18.275000000000002,18.233,18.168000000000003,18.286,18.26,18.201,18.186,18.273000000000003,18.265,18.18,18.269000000000002,18.268,18.287000000000003,18.263,18.285,18.212,18.3,18.195,18.258000000000003,18.239,18.323,18.269000000000002,18.275000000000002
0.0,0.0,6.68,7.17,17.6,7.92,0.0,0.0,0.0,0.0,0.0,0.0,0.0,0.0,0.0,0.0,0.0,7.178999999999999,7.162999999999999,7.189,7.061999999999999,7.12,7.1579999999999995,7.146,7.138,7.0409999999999995,7.1499999999999995,7.1209999999999996,7.167999999999999,7.138,7.196,7.136,7.129,7.178999999999999,7.181,7.185,7.130999999999999,7.096,7.129,7.14,7.130999999999999,7.132,7.109,7.128,7.129,7.137,7.14,7.136,7.132,7.14,7.143,7.143,7.122999999999999,7.138999999999999,7.108,7.132,7.191,7.169,7.2219999999999995,7.194,7.213,7.234,7.271,7.229,7.213,7.16,7.764,7.741,7.718,7.7509999999999994,7.648,7.711,7.725,7.725,7.653,7.696,7.748,7.899,18.296000000000003,18.274,18.344,18.279,18.284000000000002,18.245,18.239,18.252000000000002,18.249000000000002,18.275000000000002,18.233,18.168000000000003,18.286,18.26,18.201,18.186,18.273000000000003,18.265,18.18,18.269000000000002,18.268,18.287000000000003,18.263,18.285,18.212,18.3,18.195,18.258000000000003,18.239,18.323,18.269000000000002,18.275000000000002
0.0,0.0,6.68,7.17,17.6,14.603,0.0,0.0,0.0,0.0,0.0,0.0,0.0,0.0,0.0,0.0,0.0,7.178999999999999,7.162999999999999,7.189,7.061999999999999,7.12,7.1579999999999995,7.146,7.138,7.0409999999999995,7.1499999999999995,7.1209999999999996,7.167999999999999,7.138,7.196,7.136,7.129,7.178999999999999,7.181,7.185,7.130999999999999,7.096,7.129,7.14,7.130999999999999,7.132,7.109,7.128,7.129,7.137,7.14,7.136,7.132,7.14,7.143,7.143,7.122999999999999,7.138999999999999,7.108,7.132,7.191,7.169,7.2219999999999995,7.194,7.213,7.234,7.271,7.229,7.213,7.16,7.764,7.741,7.718,7.7509999999999994,7.648,7.711,7.725,7.725,7.653,7.696,7.748,7.899,18.296000000000003,18.274,18.344,18.279,18.284000000000002,18.245,18.239,18.252000000000002,18.249000000000002,18.275000000000002,18.233,18.168000000000003,18.286,18.26,18.201,18.186,18.273000000000003,18.265,18.18,18.269000000000002,18.268,18.287000000000003,18.263,18.285,18.212,18.3,18.195,18.258000000000003,18.239,18.323,18.269000000000002,18.275000000000002
13.599,7.178999999999999,0.499,2.399,16.099,7.178999999999999,7.178999999999999,7.178999999999999,7.178999999999999,7.178999999999999,7.178999999999999,7.178999999999999,7.178999999999999,7.178999999999999,7.178999999999999,7.178999999999999,7.178999999999999,0.0,64.615,14.453,10.593,28.149,8.728,7.299,46.647,19.88,7.606,48.626,61.97,61.216,52.074,28.792,80.801,77.842,53.477,26.751,6.64,41.417,8.692,8.886,22.338,88.69,30.001,53.98,37.837,54.818,19.199,64.654,38.075,38.022,45.0,46.119,47.308,44.095,7.919,9.62,8.24,45.782,8.875,27.905,56.111,34.646,10.678,8.88,16.988,7.28,2.993,2.9699999999999998,2.947,2.98,2.877,2.94,2.954,2.954,2.882,2.925,2.977,3.128,16.795,16.773,16.843,16.778,16.783,16.744,16.738,16.751,16.748,16.774,16.732,16.667,16.785,16.759,16.7,16.685,16.772,16.764,16.679,16.768,16.767,16.786,16.762,16.784,16.711,16.799,16.694,16.757,16.738,16.822,16.768,16.774
13.583,7.162999999999999,0.483,2.383,16.083,7.162999999999999,7.162999999999999,7.162999999999999,7.162999999999999,7.162999999999999,7.162999999999999,7.162999999999999,7.162999999999999,7.162999999999999,7.162999999999999,7.162999999999999,7.162999999999999,64.615,0.0,14.874,64.122,7.921,36.091,36.425,22.586,28.554,7.927,17.467,16.65,8.88,30.212,11.348,19.519,9.841,19.012,12.437,9.811,13.892,58.173,7.285,25.918,9.84,8.536,26.004,27.224,25.862,39.696,29.56,6.326,6.326,14.453,15.975,22.724,30.038,40.765,32.098,31.201,8.559,8.694,20.794,7.28,13.543,15.725,8.784,9.973,9.568,2.977,2.9539999999999997,2.931,2.964,2.8609999999999998,2.924,2.938,2.938,2.866,2.909,2.961,3.112,16.779,16.756999999999998,16.826999999999998,16.761999999999997,16.767,16.727999999999998,16.721999999999998,16.735,16.732,16.758,16.715999999999998,16.651,16.769,16.743,16.683999999999997,16.668999999999997,16.756,16.747999999999998,16.662999999999997,16.752,16.750999999999998,16.77,16.746,16.767999999999997,16.694999999999997,16.782999999999998,16.677999999999997,16.741,16.721999999999998,16.805999999999997,16.752,16.758
13.609,7.189,0.509,2.409,16.108999999999998,7.189,7.189,7.189,7.189,7.189,7.189,7.189,7.189,7.189,7.189,7.189,7.189,14.453,14.874,0.0,9.189,19.239,8.86,10.613,8.241,8.061,7.286,22.585,7.921,8.56,6.966,65.187,6.649,15.226,10.614,9.371,12.987,7.92,15.086,8.246,7.6,15.125,17.73,29.762,20.032,11.759,40.58,9.652,58.025,8.88,19.991,15.193,29.013,8.239,7.925,30.718,75.13,8.879,6.975,28.159,9.519,14.132,24.311,25.599,10.536,13.277,3.0029999999999997,2.9799999999999995,2.957,2.9899999999999998,2.8869999999999996,2.9499999999999997,2.964,2.964,2.892,2.9349999999999996,2.9869999999999997,3.138,16.805,16.782999999999998,16.852999999999998,16.787999999999997,16.793,16.753999999999998,16.747999999999998,16.761,16.758,16.784,16.741999999999997,16.677,16.794999999999998,16.769,16.709999999999997,16.694999999999997,16.781999999999996,16.773999999999997,16.688999999999997,16.778,16.776999999999997,16.796,16.772,16.793999999999997,16.720999999999997,16.808999999999997,16.703999999999997,16.767,16.747999999999998,16.831999999999997,16.778,16.784
13.482,7.061999999999999,0.382,2.282,15.982,7.061999999999999,7.061999999999999,7.061999999999999,7.061999999999999,7.061999999999999,7.061999999999999,7.061999999999999,7.061999999999999,7.061999999999999,7.061999999999999,7.061999999999999,7.061999999999999,10.593,64.122,9.189,0.0,8.241,7.575,18.748,16.96,10.934,6.647,22.906,7.61,8.249,7.928,13.19,24.493,10.904,19.707,7.92,10.552,11.902,11.714,9.081,9.52,6.645,12.533,22.49,8.24,17.466,8.88,12.993,6.64,29.879,34.929,7.92,12.676,7.919,33.069,9.399,19.065,11.267,7.926,13.362,6.358,7.926,14.453,6.966,8.951,8.239,2.876,2.8529999999999998,2.83,2.863,2.76,2.823,2.837,2.837,2.765,2.808,2.86,3.011,16.678,16.656,16.726,16.660999999999998,16.666,16.627,16.621,16.634,16.631,16.657,16.615,16.55,16.668,16.642,16.583,16.567999999999998,16.655,16.647,16.561999999999998,16.651,16.65,16.669,16.645,16.666999999999998,16.593999999999998,16.682,16.576999999999998,16.64,16.621,16.705,16.651,16.657
13.54,7.12,0.44,2.34,16.04,7.12,7.12,7.12,7.12,7.12,7.12,7.12,7.12,7.12,7.12,7.12,7.12,28.149,7.921,19.239,8.241,0.0,8.88,10.934,14.953,14.134,10.88,36.07,7.601,6.646,26.444,7.61,10.353,9.703,11.575,26.49,15.663,7.599,7.861,7.28,9.99,22.272,10.614,11.528,9.52,18.138,12.224,13.493,29.118,9.34,17.918,8.247,10.107,7.28,6.326,7.287,14.306,9.84,10.968,9.333,7.28,10.005,6.326,8.56,6.639,17.092,2.9339999999999997,2.9109999999999996,2.888,2.921,2.8179999999999996,2.881,2.895,2.895,2.823,2.8659999999999997,2.9179999999999997,3.069,16.736,16.714,16.784,16.718999999999998,16.724,16.685,16.679,16.692,16.689,16.715,16.673,16.608,16.726,16.7,16.641,16.625999999999998,16.713,16.705,16.619999999999997,16.709,16.708,16.727,16.703,16.724999999999998,16.651999999999997,16.74,16.634999999999998,16.698,16.679,16.762999999999998,16.709,16.715
13.578,7.1579999999999995,0.478,2.378,16.078,7.1579999999999995,7.1579999999999995,7.1579999999999995,7.1579999999999995,7.1579999999999995,7.1579999999999995,7.1579999999999995,7.1579999999999995,7.1579999999999995,7.1579999999999995,7.1579999999999995,7.1579999999999995,8.728,36.091,8.86,7.575,8.88,0.0,7.921,11.893,12.22,9.771,7.927,6.651,7.281,8.562,6.646,6.647,30.316,29.76,8.241,13.89,8.249,6.959,9.447,8.815,6.012,14.101,7.92,7.6,21.625,8.56,7.92,11.899,9.199,12.483,9.225,13.414,7.919,7.287,8.706,12.213,11.253,8.24,10.292,7.6,9.653,8.24,8.879,7.279,40.264,2.972,2.949,2.926,2.959,2.856,2.919,2.9330000000000003,2.9330000000000003,2.861,2.904,2.956,3.107,16.774,16.752,16.822,16.756999999999998,16.762,16.723,16.717,16.73,16.727,16.753,16.711,16.646,16.764,16.738,16.679,16.663999999999998,16.750999999999998,16.743,16.657999999999998,16.747,16.746,16.765,16.741,16.762999999999998,16.689999999999998,16.778,16.673,16.736,16.717,16.801,16.747,16.753
13.565999999999999,7.146,0.466,2.366,16.066,7.146,7.146,7.146,7.146,7.146,7.146,7.146,7.146,7.146,7.146,7.146,7.146,7.299,36.425,10.613,18.748,10.934,7.921,0.0,22.906,6.96,7.92,9.52,7.601,7.92,8.547,7.606,8.24,7.285,10.161,7.287,7.926,12.643,17.508,24.347,9.84,6.326,7.6,22.906,6.646,8.808,9.52,23.205,7.88,7.981,22.268,8.24,12.319,7.279,19.712,10.745,12.212,13.812,9.298,28.755,7.881,11.894,8.24,8.24,23.225,10.293,2.96,2.9370000000000003,2.914,2.947,2.8440000000000003,2.907,2.9210000000000003,2.9210000000000003,2.849,2.8920000000000003,2.944,3.095,16.762,16.74,16.81,16.744999999999997,16.75,16.711,16.705,16.718,16.715,16.741,16.698999999999998,16.634,16.752,16.726,16.666999999999998,16.651999999999997,16.738999999999997,16.730999999999998,16.645999999999997,16.735,16.733999999999998,16.753,16.729,16.750999999999998,16.677999999999997,16.766,16.660999999999998,16.724,16.705,16.788999999999998,16.735,16.741
13.558,7.138,0.458,2.358,16.058,7.138,7.138,7.138,7.138,7.138,7.138,7.138,7.138,7.138,7.138,7.138,7.138,46.647,22.586,8.241,16.96,14.953,11.893,22.906,0.0,9.52,10.869,6.011,9.528,9.849,6.645,7.286,9.201,8.964,8.241,7.295,7.285,7.025,7.612,58.52,14.762,6.64,6.639,10.481,7.606,9.199,7.28,29.118,9.02,8.445,40.771,8.56,12.213,8.56,7.92,14.266,7.893,16.825,9.523,21.278,7.279,10.751,7.295,6.966,16.185,12.222,2.952,2.9290000000000003,2.906,2.939,2.8360000000000003,2.899,2.9130000000000003,2.9130000000000003,2.841,2.8840000000000003,2.936,3.087,16.754,16.732,16.802,16.737,16.742,16.703,16.697,16.71,16.707,16.733,16.691,16.626,16.744,16.718,16.659,16.644,16.731,16.723,16.637999999999998,16.727,16.726,16.745,16.721,16.743,16.669999999999998,16.758,16.653,16.716,16.697,16.781,16.727,16.733
13.461,7.0409999999999995,0.361,2.261,15.961,7.0409999999999995,7.0409999999999995,7.0409999999999995,7.0409999999999995,7.0409999999999995,7.0409999999999995,7.0409999999999995,7.0409999999999995,7.0409999999999995,7.0409999999999995,7.0409999999999995,7.0409999999999995,19.88,28.554,8.061,10.934,14.134,12.22,6.96,9.52,0.0,14.133,7.607,8.24,8.88,7.16,7.287,9.839,32.502,7.601,6.013,8.247,12.394,6.645,14.709,7.963,8.568,6.959,9.52,9.2,23.547,7.279,8.239,15.877,8.559,12.212,8.559,11.259,8.239,8.56,14.265,22.586,23.554,10.16,7.92,8.24,12.074,6.012,9.52,11.606,6.645,2.855,2.832,2.809,2.842,2.739,2.802,2.8160000000000003,2.8160000000000003,2.744,2.787,2.839,2.99,16.657,16.635,16.705000000000002,16.64,16.645,16.606,16.6,16.613,16.61,16.636,16.594,16.529,16.647000000000002,16.621,16.562,16.547,16.634,16.626,16.541,16.63,16.629,16.648,16.624,16.646,16.573,16.661,16.556,16.619,16.6,16.684,16.63,16.636
13.57,7.1499999999999995,0.47,2.37,16.07,7.1499999999999995,7.1499999999999995,7.1499999999999995,7.1499999999999995,7.1499999999999995,7.1499999999999995,7.1499999999999995,7.1499999999999995,7.1499999999999995,7.1499999999999995,7.1499999999999995,7.1499999999999995,7.606,7.927,7.286,6.647,10.88,9.771,7.92,10.869,14.133,0.0,6.646,10.481,8.56,8.881,6.966,9.201,8.56,7.927,7.281,7.601,9.081,7.608,34.871,8.813,8.239,8.24,8.88,9.84,10.648,9.2,20.026,12.214,9.217,9.519,7.926,21.625,8.24,10.435,21.625,21.772,7.927,9.841,12.618,8.79,11.253,7.6,8.559,7.92,6.646,2.964,2.941,2.918,2.951,2.848,2.911,2.9250000000000003,2.9250000000000003,2.853,2.896,2.948,3.099,16.766000000000002,16.744,16.814,16.749,16.754,16.715,16.709,16.722,16.719,16.745,16.703,16.638,16.756,16.73,16.671,16.656,16.743000000000002,16.735,16.65,16.739,16.738,16.757,16.733,16.755,16.682,16.77,16.665,16.728,16.709,16.793,16.739,16.745
13.541,7.1209999999999996,0.441,2.3409999999999997,16.041,7.1209999999999996,7.1209999999999996,7.1209999999999996,7.1209999999999996,7.1209999999999996,7.1209999999999996,7.1209999999999996,7.1209999999999996,7.1209999999999996,7.1209999999999996,7.1209999999999996,7.1209999999999996,48.626,17.467,22.585,22.906,36.07,7.927,9.52,6.011,7.607,6.646,0.0,8.241,6.64,9.199,6.012,7.605,9.841,8.249,8.559,6.965,21.625,6.325,21.437,6.965,7.288,6.961,7.609,8.559,10.612,7.919,25.007,25.587,7.285,7.92,8.559,9.695,8.559,11.386,12.212,11.829,8.879,33.918,23.233,8.245,14.452,7.6,8.559,7.606,6.327,2.9349999999999996,2.912,2.889,2.9219999999999997,2.819,2.8819999999999997,2.896,2.896,2.824,2.867,2.9189999999999996,3.07,16.737000000000002,16.715,16.785,16.72,16.725,16.686,16.68,16.693,16.69,16.716,16.674,16.609,16.727,16.701,16.642,16.627,16.714,16.706,16.621,16.71,16.709,16.728,16.704,16.726,16.653,16.741,16.636,16.699,16.68,16.764,16.71,16.716
13.588,7.167999999999999,0.488,2.388,16.088,7.167999999999999,7.167999999999999,7.167999999999999,7.167999999999999,7.167999999999999,7.167999999999999,7.167999999999999,7.167999999999999,7.167999999999999,7.167999999999999,7.167999999999999,7.167999999999999,61.97,16.65,7.921,7.61,7.601,6.651,7.601,9.528,8.24,10.481,8.241,0.0,8.559,9.519,6.012,6.646,24.108,9.2,10.16,8.246,9.447,6.961,12.852,7.925,7.919,8.241,8.56,8.568,23.696,8.56,11.899,7.286,8.24,8.249,7.92,17.732,9.519,7.599,10.939,7.28,8.879,23.225,30.724,8.24,10.869,9.521,8.24,8.559,9.653,2.9819999999999998,2.9589999999999996,2.936,2.969,2.8659999999999997,2.929,2.943,2.943,2.871,2.9139999999999997,2.9659999999999997,3.117,16.784000000000002,16.762,16.832,16.767,16.772000000000002,16.733,16.727,16.740000000000002,16.737000000000002,16.763,16.721,16.656000000000002,16.774,16.748,16.689,16.674,16.761000000000003,16.753,16.668,16.757,16.756,16.775000000000002,16.751,16.773,16.7,16.788,16.683,16.746000000000002,16.727,16.811,16.757,16.763
13.558,7.138,0.458,2.358,16.058,7.138,7.138,7.138,7.138,7.138,7.138,7.138,7.138,7.138,7.138,7.138,7.138,61.216,8.88,8.56,8.249,6.646,7.281,7.92,9.849,8.88,8.56,6.64,8.559,0.0,9.027,8.559,6.326,22.718,9.52,9.52,9.2,13.493,8.88,7.919,9.332,7.925,6.64,7.92,7.925,8.24,7.28,8.239,15.038,33.091,7.92,8.154,14.353,8.151,6.654,37.437,9.527,6.326,12.212,10.293,8.239,12.212,8.24,6.96,7.599,6.326,2.952,2.9290000000000003,2.906,2.939,2.8360000000000003,2.899,2.9130000000000003,2.9130000000000003,2.841,2.8840000000000003,2.936,3.087,16.754,16.732,16.802,16.737,16.742,16.703,16.697,16.71,16.707,16.733,16.691,16.626,16.744,16.718,16.659,16.644,16.731,16.723,16.637999999999998,16.727,16.726,16.745,16.721,16.743,16.669999999999998,16.758,16.653,16.716,16.697,16.781,16.727,16.733
13.616,7.196,0.516,2.416,16.116,7.196,7.196,7.196,7.196,7.196,7.196,7.196,7.196,7.196,7.196,7.196,7.196,52.074,30.212,6.966,7.928,26.444,8.562,8.547,6.645,7.16,8.881,9.199,9.519,9.027,0.0,7.922,8.241,10.621,9.84,9.199,7.92,6.645,9.973,7.609,16.466,8.57,8.24,7.599,8.239,6.966,8.559,6.959,7.279,6.966,8.24,7.704,9.653,8.245,6.334,9.905,8.239,7.92,8.22,32.958,8.56,8.879,8.879,7.599,9.84,6.375,3.01,2.987,2.964,2.997,2.894,2.957,2.971,2.971,2.899,2.942,2.9939999999999998,3.145,16.812,16.79,16.86,16.794999999999998,16.8,16.761,16.755,16.768,16.765,16.791,16.749,16.684,16.802,16.776,16.717,16.701999999999998,16.789,16.781,16.695999999999998,16.785,16.784,16.803,16.779,16.801,16.727999999999998,16.816,16.711,16.774,16.755,16.839,16.785,16.791
13.556,7.136,0.456,2.356,16.056,7.136,7.136,7.136,7.136,7.136,7.136,7.136,7.136,7.136,7.136,7.136,7.136,28.792,11.348,65.187,13.19,7.61,6.646,7.606,7.286,7.287,6.966,6.012,6.012,8.559,7.922,0.0,6.967,6.967,7.281,7.601,6.646,6.966,25.027,9.84,13.354,6.326,8.56,8.559,6.966,12.853,8.56,10.612,14.905,9.84,8.561,12.533,8.56,15.593,6.639,15.226,8.561,9.199,10.526,31.04,8.56,12.212,9.52,10.479,9.201,17.014,2.9499999999999997,2.9269999999999996,2.904,2.937,2.8339999999999996,2.897,2.911,2.911,2.839,2.8819999999999997,2.9339999999999997,3.085,16.752000000000002,16.73,16.8,16.735,16.740000000000002,16.701,16.695,16.708000000000002,16.705000000000002,16.731,16.689,16.624000000000002,16.742,16.716,16.657,16.642,16.729,16.721,16.636,16.725,16.724,16.743000000000002,16.719,16.741,16.668,16.756,16.651,16.714000000000002,16.695,16.779,16.725,16.731
13.549,7.129,0.449,2.3489999999999998,16.049,7.129,7.129,7.129,7.129,7.129,7.129,7.129,7.129,7.129,7.129,7.129,7.129,80.801,19.519,6.649,24.493,10.353,6.647,8.24,9.201,9.839,9.201,7.605,6.646,6.326,8.241,6.967,0.0,7.287,8.881,9.201,8.24,20.027,8.785,7.6,12.212,6.966,8.24,7.289,9.53,8.56,6.968,17.484,11.067,9.386,9.521,9.643,14.462,9.84,7.922,12.534,7.926,8.88,7.698,9.502,7.28,7.929,8.24,9.839,9.84,9.52,2.9429999999999996,2.92,2.897,2.9299999999999997,2.827,2.8899999999999997,2.904,2.904,2.832,2.875,2.9269999999999996,3.078,16.745,16.723,16.793,16.727999999999998,16.733,16.694,16.688,16.701,16.698,16.724,16.682,16.617,16.735,16.709,16.65,16.634999999999998,16.722,16.714,16.628999999999998,16.718,16.717,16.736,16.712,16.733999999999998,16.660999999999998,16.749,16.644,16.707,16.688,16.772,16.718,16.724
13.599,7.178999999999999,0.499,2.399,16.099,7.178999999999999,7.178999999999999,7.178999999999999,7.178999999999999,7.178999999999999,7.178999999999999,7.178999999999999,7.178999999999999,7.178999999999999,7.178999999999999,7.178999999999999,7.178999999999999,77.842,9.841,15.226,10.904,9.703,30.316,7.285,8.964,32.502,8.56,9.841,24.108,22.718,10.621,6.967,7.287,0.0,7.6,8.879,7.28,7.6,17.748,7.92,6.966,8.56,8.567,9.199,8.239,22.913,10.159,8.245,6.968,9.059,7.279,8.24,17.598,9.839,9.199,10.806,7.925,9.839,9.996,8.239,10.159,9.519,9.839,9.52,9.52,7.92,2.993,2.9699999999999998,2.947,2.98,2.877,2.94,2.954,2.954,2.882,2.925,2.977,3.128,16.795,16.773,16.843,16.778,16.783,16.744,16.738,16.751,16.748,16.774,16.732,16.667,16.785,16.759,16.7,16.685,16.772,16.764,16.679,16.768,16.767,16.786,16.762,16.784,16.711,16.799,16.694,16.757,16.738,16.822,16.768,16.774
13.600999999999999,7.181,0.501,2.401,16.101,7.181,7.181,7.181,7.181,7.181,7.181,7.181,7.181,7.181,7.181,7.181,7.181,53.477,19.012,10.614,19.707,11.575,29.76,10.161,8.241,7.601,7.927,8.249,9.2,9.52,9.84,7.281,8.881,7.6,0.0,7.6,7.927,17.834,7.599,7.6,6.326,6.967,7.927,7.6,6.326,19.434,7.926,10.933,30.712,10.934,8.56,13.963,10.198,7.6,10.613,30.775,6.646,8.24,8.674,8.641,8.24,8.24,7.92,7.28,6.96,6.646,2.9949999999999997,2.9719999999999995,2.949,2.9819999999999998,2.8789999999999996,2.9419999999999997,2.956,2.956,2.884,2.9269999999999996,2.9789999999999996,3.13,16.797,16.775,16.845,16.779999999999998,16.785,16.746,16.74,16.753,16.75,16.776,16.733999999999998,16.669,16.787,16.761,16.701999999999998,16.686999999999998,16.774,16.766,16.680999999999997,16.77,16.769,16.788,16.764,16.785999999999998,16.712999999999997,16.801,16.695999999999998,16.759,16.74,16.823999999999998,16.77,16.776
13.605,7.185,0.505,2.405,16.105,7.185,7.185,7.185,7.185,7.185,7.185,7.185,7.185,7.185,7.185,7.185,7.185,26.751,12.437,9.371,7.92,26.49,8.241,7.287,7.295,6.013,7.281,8.559,10.16,9.52,9.199,7.601,9.201,8.879,7.6,0.0,8.887,15.866,7.279,9.839,6.959,7.605,8.88,8.561,6.646,8.559,8.239,11.893,31.215,9.969,9.2,8.642,22.265,7.598,7.6,12.661,6.335,9.199,9.954,9.206,12.026,7.6,8.559,8.56,8.56,9.2,2.9989999999999997,2.976,2.953,2.9859999999999998,2.883,2.9459999999999997,2.96,2.96,2.888,2.931,2.9829999999999997,3.134,16.801000000000002,16.779,16.849,16.784,16.789,16.75,16.744,16.757,16.754,16.78,16.738,16.673000000000002,16.791,16.765,16.706,16.691,16.778,16.77,16.685,16.774,16.773,16.792,16.768,16.79,16.717,16.805,16.7,16.763,16.744,16.828,16.774,16.78
13.551,7.130999999999999,0.451,2.351,16.051,7.130999999999999,7.130999999999999,7.130999999999999,7.130999999999999,7.130999999999999,7.130999999999999,7.130999999999999,7.130999999999999,7.130999999999999,7.130999999999999,7.130999999999999,7.130999999999999,6.64,9.811,12.987,10.552,15.663,13.89,7.926,7.285,8.247,7.601,6.965,8.246,9.2,7.92,6.646,8.24,7.28,7.927,8.887,0.0,58.177,8.559,7.285,6.965,7.599,6.012,8.239,8.88,7.28,7.925,13.812,6.639,9.088,7.919,9.52,11.072,7.285,7.935,8.884,7.919,6.645,14.23,10.16,8.559,8.239,7.6,9.839,9.519,8.559,2.945,2.9219999999999997,2.899,2.932,2.8289999999999997,2.892,2.906,2.906,2.834,2.877,2.929,3.08,16.747,16.724999999999998,16.794999999999998,16.729999999999997,16.735,16.695999999999998,16.689999999999998,16.703,16.7,16.726,16.683999999999997,16.619,16.737,16.711,16.651999999999997,16.636999999999997,16.723999999999997,16.715999999999998,16.630999999999997,16.72,16.718999999999998,16.738,16.714,16.735999999999997,16.662999999999997,16.750999999999998,16.645999999999997,16.709,16.689999999999998,16.773999999999997,16.72,16.726
13.516,7.096,0.416,2.316,16.016,7.096,7.096,7.096,7.096,7.096,7.096,7.096,7.096,7.096,7.096,7.096,7.096,41.417,13.892,7.92,11.902,7.599,8.249,12.643,7.025,12.394,9.081,21.625,9.447,13.493,6.645,6.966,20.027,7.6,17.834,15.866,58.177,0.0,6.64,6.645,11.752,9.527,6.961,9.842,6.647,65.953,6.327,41.81,17.013,7.606,8.56,8.881,7.281,7.28,7.6,9.203,9.839,6.639,12.998,11.252,8.36,8.245,8.56,8.879,9.199,9.519,2.9099999999999997,2.8869999999999996,2.864,2.897,2.7939999999999996,2.8569999999999998,2.871,2.871,2.799,2.8419999999999996,2.8939999999999997,3.045,16.712,16.689999999999998,16.759999999999998,16.694999999999997,16.7,16.660999999999998,16.654999999999998,16.668,16.665,16.691,16.648999999999997,16.584,16.701999999999998,16.676,16.616999999999997,16.601999999999997,16.689,16.680999999999997,16.595999999999997,16.685,16.683999999999997,16.703,16.679,16.700999999999997,16.627999999999997,16.715999999999998,16.610999999999997,16.674,16.654999999999998,16.738999999999997,16.685,16.691
13.549,7.129,0.449,2.3489999999999998,16.049,7.129,7.129,7.129,7.129,7.129,7.129,7.129,7.129,7.129,7.129,7.129,7.129,8.692,58.173,15.086,11.714,7.861,6.959,17.508,7.612,6.645,7.608,6.325,6.961,8.88,9.973,25.027,8.785,17.748,7.599,7.279,8.559,6.64,0.0,6.645,8.204,35.332,40.34,13.812,37.933,10.894,6.663,25.894,35.534,26.827,9.519,9.685,32.663,35.868,7.599,25.464,7.919,7.279,7.892,11.252,9.519,9.791,8.239,8.879,7.919,8.887,2.9429999999999996,2.92,2.897,2.9299999999999997,2.827,2.8899999999999997,2.904,2.904,2.832,2.875,2.9269999999999996,3.078,16.745,16.723,16.793,16.727999999999998,16.733,16.694,16.688,16.701,16.698,16.724,16.682,16.617,16.735,16.709,16.65,16.634999999999998,16.722,16.714,16.628999999999998,16.718,16.717,16.736,16.712,16.733999999999998,16.660999999999998,16.749,16.644,16.707,16.688,16.772,16.718,16.724
13.56,7.14,0.46,2.36,16.06,7.14,7.14,7.14,7.14,7.14,7.14,7.14,7.14,7.14,7.14,7.14,7.14,8.886,7.285,8.246,9.081,7.28,9.447,24.347,58.52,14.709,34.871,21.437,12.852,7.919,7.609,9.84,7.6,7.92,7.6,9.839,7.285,6.645,6.645,0.0,24.365,10.378,9.26,27.17,16.195,21.551,8.56,14.425,8.273,36.383,10.479,25.754,32.632,19.281,9.52,11.343,9.2,14.511,7.641,8.149,7.92,47.162,8.56,7.606,12.154,7.926,2.9539999999999997,2.931,2.908,2.941,2.838,2.901,2.915,2.915,2.843,2.886,2.9379999999999997,3.089,16.756,16.733999999999998,16.804,16.738999999999997,16.744,16.705,16.698999999999998,16.712,16.709,16.735,16.692999999999998,16.628,16.746,16.72,16.660999999999998,16.645999999999997,16.732999999999997,16.724999999999998,16.639999999999997,16.729,16.727999999999998,16.747,16.723,16.744999999999997,16.671999999999997,16.759999999999998,16.654999999999998,16.718,16.698999999999998,16.782999999999998,16.729,16.735
13.551,7.130999999999999,0.451,2.351,16.051,7.130999999999999,7.130999999999999,7.130999999999999,7.130999999999999,7.130999999999999,7.130999999999999,7.130999999999999,7.130999999999999,7.130999999999999,7.130999999999999,7.130999999999999,7.130999999999999,22.338,25.918,7.6,9.52,9.99,8.815,9.84,14.762,7.963,8.813,6.965,7.925,9.332,16.466,13.354,12.212,6.966,6.326,6.959,6.965,11.752,8.204,24.365,0.0,8.88,24.64,24.824,23.468,25.761,10.149,11.574,6.326,11.548,9.519,11.412,26.672,22.087,9.839,8.416,9.2,8.879,6.343,9.652,8.559,8.702,6.691,7.285,13.987,8.879,2.945,2.9219999999999997,2.899,2.932,2.8289999999999997,2.892,2.906,2.906,2.834,2.877,2.929,3.08,16.747,16.724999999999998,16.794999999999998,16.729999999999997,16.735,16.695999999999998,16.689999999999998,16.703,16.7,16.726,16.683999999999997,16.619,16.737,16.711,16.651999999999997,16.636999999999997,16.723999999999997,16.715999999999998,16.630999999999997,16.72,16.718999999999998,16.738,16.714,16.735999999999997,16.662999999999997,16.750999999999998,16.645999999999997,16.709,16.689999999999998,16.773999999999997,16.72,16.726
