grenoble,lille,paris,saclay,strasbourg,lille_20_m3-1,lille_20_m3-3,lille_20_m3-4,lille_20_m3-5,lille_20_m3-6,lille_20_m3-12,lille_20_m3-13,lille_20_m3-17,lille_20_m3-18,lille_20_m3-19,lille_20_m3-20,lille_20_m3-21,lille_20_m3-22,lille_20_m3-23,paris_m3-4,paris_m3-5,paris_m3-6,paris_m3-7,paris_m3-8,paris_m3-10,paris_m3-11,paris_m3-12,paris_m3-13,paris_m3-14,paris_m3-15,paris_m3-16,paris_m3-17,paris_m3-18,paris_m3-19,paris_m3-20,paris_m3-21,paris_m3-22,paris_m3-23,paris_m3-24,paris_m3-25,paris_m3-26,paris_m3-27,paris_m3-28,paris_m3-31,paris_m3-35,paris_m3-36,paris_m3-37,paris_m3-38,paris_m3-39,paris_m3-40,paris_m3-41,paris_m3-42,paris_m3-43,paris_m3-44,paris_m3-47,paris_m3-48,paris_m3-49,paris_m3-50,paris_m3-51,paris_m3-52,paris_m3-53,paris_m3-55,paris_m3-56,paris_m3-57,paris_m3-60,paris_m3-61,paris_m3-63,paris_m3-64,saclay_m3-1,saclay_m3-2,saclay_m3-3,saclay_m3-4,saclay_m3-5,saclay_m3-6,saclay_m3-7,saclay_m3-8,saclay_m3-9,saclay_m3-10,saclay_m3-11,saclay_m3-12,strasbourg_m3-2,strasbourg_m3-3,strasbourg_m3-6,strasbourg_m3-7,strasbourg_m3-12,strasbourg_m3-13,strasbourg_m3-14,strasbourg_m3-15,strasbourg_m3-18,strasbourg_m3-19,strasbourg_m3-23,strasbourg_m3-25,strasbourg_m3-28,strasbourg_m3-30,strasbourg_m3-31,strasbourg_m3-34,strasbourg_m3-35,strasbourg_m3-38,strasbourg_m3-40,strasbourg_m3-41,strasbourg_m3-42,strasbourg_m3-44,strasbourg_m3-45,strasbourg_m3-46,strasbourg_m3-47,strasbourg_m3-49,strasbourg_m3-51,strasbourg_m3-54,strasbourg_m3-55,strasbourg_m3-58,strasbourg_m3-59,strasbourg_m3-63
0.0,0.0,11.3,12.0,12.6,0.0,0.0,0.0,0.0,0.0,0.0,0.0,0.0,0.0,0.0,0.0,0.0,0.0,0.0,11.875,11.82,11.771,11.8,11.793000000000001,11.757000000000001,11.767000000000001,11.726,11.765,11.732000000000001,11.74,11.731,11.708,11.713000000000001,11.737,11.815000000000001,11.798,11.796000000000001,11.801,11.771,11.736,11.766,11.773000000000001,11.766,11.697000000000001,11.709000000000001,11.755,11.803,11.784,11.781,11.774000000000001,11.767000000000001,11.766,11.836,11.714,11.811,11.784,11.762,11.776,11.782,11.791,11.799000000000001,11.766,11.769,11.786000000000001,11.794,11.75,11.715,11.774000000000001,12.403,12.406,12.507,12.454,12.421,12.409,12.361,12.374,12.442,12.441,12.384,12.468,13.203,13.216999999999999,13.228,13.229,13.174999999999999,13.269,13.299,13.26,13.294,13.275,13.206999999999999,13.286999999999999,13.267,13.202,13.312,13.27,13.307,13.278,13.147,13.26,13.299,13.276,13.277,13.286,13.278,13.27,13.26,13.276,13.28,13.296999999999999,13.270999999999999,13.26
0.0,0.0,6.5,7.37,17.5,0.0,0.0,0.0,0.0,0.0,0.0,0.0,0.0,0.0,0.0,0.0,0.0,0.0,0.0,7.075,7.02,6.971,7.0,6.993,6.957,6.967,6.926,6.965,6.932,6.94,6.931,6.908,6.913,6.937,7.015,6.998,6.996,7.001,6.971,6.936,6.966,6.973,6.966,6.897,6.909,6.955,7.003,6.984,6.981,6.974,6.967,6.966,7.036,6.914,7.011,6.984,6.962,6.976,6.982,6.991,6.999,6.966,6.969,6.986,6.994,6.95,6.915,6.974,7.773,7.776,7.877,7.824,7.791,7.779,7.731,7.744,7.812,7.811,7.7540000000000004,7.838,18.103,18.117,18.128,18.129,18.075,18.169,18.199,18.16,18.194,18.175,18.107,18.187,18.167,18.102,18.212,18.17,18.207,18.178,18.047,18.16,18.199,18.176,18.177,18.186,18.178,18.17,18.16,18.176,18.18,18.197,18.171,18.16
11.3,6.5,0.0,3.71,13.8,6.5,6.5,6.5,6.5,6.5,6.5,6.5,6.5,6.5,6.5,6.5,6.5,6.5,6.5,0.575,0.52,0.471,0.5,0.493,0.457,0.467,0.426,0.465,0.432,0.44,0.431,0.408,0.413,0.437,0.515,0.498,0.496,0.501,0.471,0.436,0.466,0.473,0.466,0.397,0.409,0.455,0.503,0.484,0.481,0.474,0.467,0.466,0.536,0.414,0.511,0.484,0.462,0.476,0.482,0.491,0.499,0.466,0.469,0.486,0.494,0.45,0.415,0.474,4.1129999999999995,4.116,4.217,4.164,4.131,4.119,4.071,4.084,4.152,4.151,4.094,4.178,14.403,14.417000000000002,14.428,14.429,14.375,14.469000000000001,14.499,14.46,14.494,14.475000000000001,14.407,14.487,14.467,14.402000000000001,14.512,14.47,14.507000000000001,14.478000000000002,14.347000000000001,14.46,14.499,14.476,14.477,14.486,14.478000000000002,14.47,14.46,14.476,14.48,14.497,14.471,14.46
12.0,7.37,3.71,0.0,14.5,7.37,7.37,7.37,7.37,7.37,7.37,7.37,7.37,7.37,7.37,7.37,7.37,7.37,7.37,4.285,4.23,4.181,4.21,4.203,4.167,4.177,4.136,4.175,4.142,4.15,4.141,4.118,4.123,4.147,4.225,4.208,4.2059999999999995,4.211,4.181,4.146,4.176,4.183,4.176,4.107,4.119,4.165,4.213,4.194,4.191,4.184,4.177,4.176,4.246,4.124,4.221,4.194,4.172,4.186,4.192,4.201,4.209,4.176,4.179,4.196,4.204,4.16,4.125,4.184,0.403,0.406,0.507,0.454,0.421,0.409,0.361,0.374,0.442,0.441,0.384,0.468,15.103,15.117,15.128,15.129,15.075,15.169,15.199,15.16,15.193999999999999,15.175,15.107,15.187,15.167,15.102,15.212,15.17,15.207,15.178,15.047,15.16,15.199,15.176,15.177,15.186,15.178,15.17,15.16,15.176,15.18,15.197,15.171,15.16
12.6,17.5,13.8,14.5,0.0,17.5,17.5,17.5,17.5,17.5,17.5,17.5,17.5,17.5,17.5,17.5,17.5,17.5,17.5,14.375,14.32,14.271,14.3,14.293000000000001,14.257000000000001,14.267000000000001,14.226,14.265,14.232000000000001,14.24,14.231,14.208,14.213000000000001,14.237,14.315000000000001,14.298,14.296000000000001,14.301,14.271,14.236,14.266,14.273000000000001,14.266,14.197000000000001,14.209000000000001,14.255,14.303,14.284,14.281,14.274000000000001,14.267000000000001,14.266,14.336,14.214,14.311,14.284,14.262,14.276,14.282,14.291,14.299000000000001,14.266,14.269,14.286000000000001,14.294,14.25,14.215,14.274000000000001,14.903,14.906,15.007,14.954,14.921,14.909,14.861,14.874,14.942,14.941,14.884,14.968,0.603,0.617,0.628,0.629,0.575,0.669,0.699,0.66,0.694,0.675,0.607,0.687,0.667,0.602,0.712,0.67,0.707,0.678,0.547,0.66,0.699,0.676,0.677,0.686,0.678,0.67,0.66,0.676,0.68,0.697,0.671,0.66
0.0,0.0,6.5,7.37,17.5,0.0,11.308,7.872,8.822,9.217,45.981,13.813,20.822,21.499,7.607,8.247,7.285,8.242,8.241,7.075,7.02,6.971,7.0,6.993,6.957,6.967,6.926,6.965,6.932,6.94,6.931,6.908,6.913,6.937,7.015,6.998,6.996,7.001,6.971,6.936,6.966,6.973,6.966,6.897,6.909,6.955,7.003,6.984,6.981,6.974,6.967,6.966,7.036,6.914,7.011,6.984,6.962,6.976,6.982,6.991,6.999,6.966,6.969,6.986,6.994,6.95,6.915,6.974,7.773,7.776,7.877,7.824,7.791,7.779,7.731,7.744,7.812,7.811,7.7540000000000004,7.838,18.103,18.117,18.128,18.129,18.075,18.169,18.199,18.16,18.194,18.175,18.107,18.187,18.167,18.102,18.212,18.17,18.207,18.178,18.047,18.16,18.199,18.176,18.177,18.186,18.178,18.17,18.16,18.176,18.18,18.197,18.171,18.16
0.0,0.0,6.5,7.37,17.5,11.308,0.0,0.0,0.0,0.0,0.0,0.0,0.0,0.0,0.0,0.0,0.0,0.0,0.0,7.075,7.02,6.971,7.0,6.993,6.957,6.967,6.926,6.965,6.932,6.94,6.931,6.908,6.913,6.937,7.015,6.998,6.996,7.001,6.971,6.936,6.966,6.973,6.966,6.897,6.909,6.955,7.003,6.984,6.981,6.974,6.967,6.966,7.036,6.914,7.011,6.984,6.962,6.976,6.982,6.991,6.999,6.966,6.969,6.986,6.994,6.95,6.915,6.974,7.773,7.776,7.877,7.824,7.791,7.779,7.731,7.744,7.812,7.811,7.7540000000000004,7.838,18.103,18.117,18.128,18.129,18.075,18.169,18.199,18.16,18.194,18.175,18.107,18.187,18.167,18.102,18.212,18.17,18.207,18.178,18.047,18.16,18.199,18.176,18.177,18.186,18.178,18.17,18.16,18.176,18.18,18.197,18.171,18.16
0.0,0.0,6.5,7.37,17.5,7.872,0.0,0.0,0.0,0.0,0.0,0.0,0.0,0.0,0.0,0.0,0.0,0.0,0.0,7.075,7.02,6.971,7.0,6.993,6.957,6.967,6.926,6.965,6.932,6.94,6.931,6.908,6.913,6.937,7.015,6.998,6.996,7.001,6.971,6.936,6.966,6.973,6.966,6.897,6.909,6.955,7.003,6.984,6.981,6.974,6.967,6.966,7.036,6.914,7.011,6.984,6.962,6.976,6.982,6.991,6.999,6.966,6.969,6.986,6.994,6.95,6.915,6.974,7.773,7.776,7.877,7.824,7.791,7.779,7.731,7.744,7.812,7.811,7.7540000000000004,7.838,18.103,18.117,18.128,18.129,18.075,18.169,18.199,18.16,18.194,18.175,18.107,18.187,18.167,18.102,18.212,18.17,18.207,18.178,18.047,18.16,18.199,18.176,18.177,18.186,18.178,18.17,18.16,18.176,18.18,18.197,18.171,18.16
0.0,0.0,6.5,7.37,17.5,8.822,0.0,0.0,0.0,0.0,0.0,0.0,0.0,0.0,0.0,0.0,0.0,0.0,0.0,7.075,7.02,6.971,7.0,6.993,6.957,6.967,6.926,6.965,6.932,6.94,6.931,6.908,6.913,6.937,7.015,6.998,6.996,7.001,6.971,6.936,6.966,6.973,6.966,6.897,6.909,6.955,7.003,6.984,6.981,6.974,6.967,6.966,7.036,6.914,7.011,6.984,6.962,6.976,6.982,6.991,6.999,6.966,6.969,6.986,6.994,6.95,6.915,6.974,7.773,7.776,7.877,7.824,7.791,7.779,7.731,7.744,7.812,7.811,7.7540000000000004,7.838,18.103,18.117,18.128,18.129,18.075,18.169,18.199,18.16,18.194,18.175,18.107,18.187,18.167,18.102,18.212,18.17,18.207,18.178,18.047,18.16,18.199,18.176,18.177,18.186,18.178,18.17,18.16,18.176,18.18,18.197,18.171,18.16
0.0,0.0,6.5,7.37,17.5,9.217,0.0,0.0,0.0,0.0,0.0,0.0,0.0,0.0,0.0,0.0,0.0,0.0,0.0,7.075,7.02,6.971,7.0,6.993,6.957,6.967,6.926,6.965,6.932,6.94,6.931,6.908,6.913,6.937,7.015,6.998,6.996,7.001,6.971,6.936,6.966,6.973,6.966,6.897,6.909,6.955,7.003,6.984,6.981,6.974,6.967,6.966,7.036,6.914,7.011,6.984,6.962,6.976,6.982,6.991,6.999,6.966,6.969,6.986,6.994,6.95,6.915,6.974,7.773,7.776,7.877,7.824,7.791,7.779,7.731,7.744,7.812,7.811,7.7540000000000004,7.838,18.103,18.117,18.128,18.129,18.075,18.169,18.199,18.16,18.194,18.175,18.107,18.187,18.167,18.102,18.212,18.17,18.207,18.178,18.047,18.16,18.199,18.176,18.177,18.186,18.178,18.17,18.16,18.176,18.18,18.197,18.171,18.16
0.0,0.0,6.5,7.37,17.5,45.981,0.0,0.0,0.0,0.0,0.0,0.0,0.0,0.0,0.0,0.0,0.0,0.0,0.0,7.075,7.02,6.971,7.0,6.993,6.957,6.967,6.926,6.965,6.932,6.94,6.931,6.908,6.913,6.937,7.015,6.998,6.996,7.001,6.971,6.936,6.966,6.973,6.966,6.897,6.909,6.955,7.003,6.984,6.981,6.974,6.967,6.966,7.036,6.914,7.011,6.984,6.962,6.976,6.982,6.991,6.999,6.966,6.969,6.986,6.994,6.95,6.915,6.974,7.773,7.776,7.877,7.824,7.791,7.779,7.731,7.744,7.812,7.811,7.7540000000000004,7.838,18.103,18.117,18.128,18.129,18.075,18.169,18.199,18.16,18.194,18.175,18.107,18.187,18.167,18.102,18.212,18.17,18.207,18.178,18.047,18.16,18.199,18.176,18.177,18.186,18.178,18.17,18.16,18.176,18.18,18.197,18.171,18.16
0.0,0.0,6.5,7.37,17.5,13.813,0.0,0.0,0.0,0.0,0.0,0.0,0.0,0.0,0.0,0.0,0.0,0.0,0.0,7.075,7.02,6.971,7.0,6.993,6.957,6.967,6.926,6.965,6.932,6.94,6.931,6.908,6.913,6.937,7.015,6.998,6.996,7.001,6.971,6.936,6.966,6.973,6.966,6.897,6.909,6.955,7.003,6.984,6.981,6.974,6.967,6.966,7.036,6.914,7.011,6.984,6.962,6.976,6.982,6.991,6.999,6.966,6.969,6.986,6.994,6.95,6.915,6.974,7.773,7.776,7.877,7.824,7.791,7.779,7.731,7.744,7.812,7.811,7.7540000000000004,7.838,18.103,18.117,18.128,18.129,18.075,18.169,18.199,18.16,18.194,18.175,18.107,18.187,18.167,18.102,18.212,18.17,18.207,18.178,18.047,18.16,18.199,18.176,18.177,18.186,18.178,18.17,18.16,18.176,18.18,18.197,18.171,18.16
0.0,0.0,6.5,7.37,17.5,20.822,0.0,0.0,0.0,0.0,0.0,0.0,0.0,0.0,0.0,0.0,0.0,0.0,0.0,7.075,7.02,6.971,7.0,6.993,6.957,6.967,6.926,6.965,6.932,6.94,6.931,6.908,6.913,6.937,7.015,6.998,6.996,7.001,6.971,6.936,6.966,6.973,6.966,6.897,6.909,6.955,7.003,6.984,6.981,6.974,6.967,6.966,7.036,6.914,7.011,6.984,6.962,6.976,6.982,6.991,6.999,6.966,6.969,6.986,6.994,6.95,6.915,6.974,7.773,7.776,7.877,7.824,7.791,7.779,7.731,7.744,7.812,7.811,7.7540000000000004,7.838,18.103,18.117,18.128,18.129,18.075,18.169,18.199,18.16,18.194,18.175,18.107,18.187,18.167,18.102,18.212,18.17,18.207,18.178,18.047,18.16,18.199,18.176,18.177,18.186,18.178,18.17,18.16,18.176,18.18,18.197,18.171,18.16
0.0,0.0,6.5,7.37,17.5,21.499,0.0,0.0,0.0,0.0,0.0,0.0,0.0,0.0,0.0,0.0,0.0,0.0,0.0,7.075,7.02,6.971,7.0,6.993,6.957,6.967,6.926,6.965,6.932,6.94,6.931,6.908,6.913,6.937,7.015,6.998,6.996,7.001,6.971,6.936,6.966,6.973,6.966,6.897,6.909,6.955,7.003,6.984,6.981,6.974,6.967,6.966,7.036,6.914,7.011,6.984,6.962,6.976,6.982,6.991,6.999,6.966,6.969,6.986,6.994,6.95,6.915,6.974,7.773,7.776,7.877,7.824,7.791,7.779,7.731,7.744,7.812,7.811,7.7540000000000004,7.838,18.103,18.117,18.128,18.129,18.075,18.169,18.199,18.16,18.194,18.175,18.107,18.187,18.167,18.102,18.212,18.17,18.207,18.178,18.047,18.16,18.199,18.176,18.177,18.186,18.178,18.17,18.16,18.176,18.18,18.197,18.171,18.16
0.0,0.0,6.5,7.37,17.5,7.607,0.0,0.0,0.0,0.0,0.0,0.0,0.0,0.0,0.0,0.0,0.0,0.0,0.0,7.075,7.02,6.971,7.0,6.993,6.957,6.967,6.926,6.965,6.932,6.94,6.931,6.908,6.913,6.937,7.015,6.998,6.996,7.001,6.971,6.936,6.966,6.973,6.966,6.897,6.909,6.955,7.003,6.984,6.981,6.974,6.967,6.966,7.036,6.914,7.011,6.984,6.962,6.976,6.982,6.991,6.999,6.966,6.969,6.986,6.994,6.95,6.915,6.974,7.773,7.776,7.877,7.824,7.791,7.779,7.731,7.744,7.812,7.811,7.7540000000000004,7.838,18.103,18.117,18.128,18.129,18.075,18.169,18.199,18.16,18.194,18.175,18.107,18.187,18.167,18.102,18.212,18.17,18.207,18.178,18.047,18.16,18.199,18.176,18.177,18.186,18.178,18.17,18.16,18.176,18.18,18.197,18.171,18.16
0.0,0.0,6.5,7.37,17.5,8.247,0.0,0.0,0.0,0.0,0.0,0.0,0.0,0.0,0.0,0.0,0.0,0.0,0.0,7.075,7.02,6.971,7.0,6.993,6.957,6.967,6.926,6.965,6.932,6.94,6.931,6.908,6.913,6.937,7.015,6.998,6.996,7.001,6.971,6.936,6.966,6.973,6.966,6.897,6.909,6.955,7.003,6.984,6.981,6.974,6.967,6.966,7.036,6.914,7.011,6.984,6.962,6.976,6.982,6.991,6.999,6.966,6.969,6.986,6.994,6.95,6.915,6.974,7.773,7.776,7.877,7.824,7.791,7.779,7.731,7.744,7.812,7.811,7.7540000000000004,7.838,18.103,18.117,18.128,18.129,18.075,18.169,18.199,18.16,18.194,18.175,18.107,18.187,18.167,18.102,18.212,18.17,18.207,18.178,18.047,18.16,18.199,18.176,18.177,18.186,18.178,18.17,18.16,18.176,18.18,18.197,18.171,18.16
0.0,0.0,6.5,7.37,17.5,7.285,0.0,0.0,0.0,0.0,0.0,0.0,0.0,0.0,0.0,0.0,0.0,0.0,0.0,7.075,7.02,6.971,7.0,6.993,6.957,6.967,6.926,6.965,6.932,6.94,6.931,6.908,6.913,6.937,7.015,6.998,6.996,7.001,6.971,6.936,6.966,6.973,6.966,6.897,6.909,6.955,7.003,6.984,6.981,6.974,6.967,6.966,7.036,6.914,7.011,6.984,6.962,6.976,6.982,6.991,6.999,6.966,6.969,6.986,6.994,6.95,6.915,6.974,7.773,7.776,7.877,7.824,7.791,7.779,7.731,7.744,7.812,7.811,7.7540000000000004,7.838,18.103,18.117,18.128,18.129,18.075,18.169,18.199,18.16,18.194,18.175,18.107,18.187,18.167,18.102,18.212,18.17,18.207,18.178,18.047,18.16,18.199,18.176,18.177,18.186,18.178,18.17,18.16,18.176,18.18,18.197,18.171,18.16
0.0,0.0,6.5,7.37,17.5,8.242,0.0,0.0,0.0,0.0,0.0,0.0,0.0,0.0,0.0,0.0,0.0,0.0,0.0,7.075,7.02,6.971,7.0,6.993,6.957,6.967,6.926,6.965,6.932,6.94,6.931,6.908,6.913,6.937,7.015,6.998,6.996,7.001,6.971,6.936,6.966,6.973,6.966,6.897,6.909,6.955,7.003,6.984,6.981,6.974,6.967,6.966,7.036,6.914,7.011,6.984,6.962,6.976,6.982,6.991,6.999,6.966,6.969,6.986,6.994,6.95,6.915,6.974,7.773,7.776,7.877,7.824,7.791,7.779,7.731,7.744,7.812,7.811,7.7540000000000004,7.838,18.103,18.117,18.128,18.129,18.075,18.169,18.199,18.16,18.194,18.175,18.107,18.187,18.167,18.102,18.212,18.17,18.207,18.178,18.047,18.16,18.199,18.176,18.177,18.186,18.178,18.17,18.16,18.176,18.18,18.197,18.171,18.16
0.0,0.0,6.5,7.37,17.5,8.241,0.0,0.0,0.0,0.0,0.0,0.0,0.0,0.0,0.0,0.0,0.0,0.0,0.0,7.075,7.02,6.971,7.0,6.993,6.957,6.967,6.926,6.965,6.932,6.94,6.931,6.908,6.913,6.937,7.015,6.998,6.996,7.001,6.971,6.936,6.966,6.973,6.966,6.897,6.909,6.955,7.003,6.984,6.981,6.974,6.967,6.966,7.036,6.914,7.011,6.984,6.962,6.976,6.982,6.991,6.999,6.966,6.969,6.986,6.994,6.95,6.915,6.974,7.773,7.776,7.877,7.824,7.791,7.779,7.731,7.744,7.812,7.811,7.7540000000000004,7.838,18.103,18.117,18.128,18.129,18.075,18.169,18.199,18.16,18.194,18.175,18.107,18.187,18.167,18.102,18.212,18.17,18.207,18.178,18.047,18.16,18.199,18.176,18.177,18.186,18.178,18.17,18.16,18.176,18.18,18.197,18.171,18.16
11.875,7.075,0.575,4.285,14.375,7.075,7.075,7.075,7.075,7.075,7.075,7.075,7.075,7.075,7.075,7.075,7.075,7.075,7.075,0.0,33.838,59.589,9.974,62.242,76.927,40.571,65.469,84.143,31.696,42.412,46.506,55.944,54.094,9.56,23.04,13.594,51.327,9.482,18.05,55.688,8.239,20.484,40.588,8.56,60.125,44.722,57.022,49.984,35.534,17.565,67.947,20.375,26.207,62.166,30.422,33.217,8.014,20.334,12.272,54.065,33.704,25.598,17.96,32.632,10.13,53.344,6.326,20.479,4.688000000000001,4.691,4.792,4.739,4.706,4.694,4.646,4.659,4.727,4.726,4.6690000000000005,4.753,14.978,14.992,15.003,15.004,14.95,15.044,15.074,15.035,15.068999999999999,15.05,14.982,15.062,15.042,14.977,15.087,15.045,15.082,15.053,14.922,15.035,15.074,15.051,15.052,15.061,15.053,15.045,15.035,15.051,15.055,15.072,15.046,15.035
11.82,7.02,0.52,4.23,14.32,7.02,7.02,7.02,7.02,7.02,7.02,7.02,7.02,7.02,7.02,7.02,7.02,7.02,7.02,33.838,0.0,12.219,20.799,10.614,12.409,70.182,9.52,23.237,40.762,19.983,9.238,7.606,14.773,51.84,34.711,8.79,8.727,40.013,24.002,7.649,45.756,15.177,8.322,6.965,7.6,9.84,12.458,6.326,16.214,20.555,25.296,12.363,10.516,22.9,27.057,14.752,38.324,33.538,6.195,8.24,9.876,13.813,27.395,8.825,36.346,10.813,6.645,14.452,4.633000000000001,4.636,4.737,4.684,4.651000000000001,4.639,4.591,4.604,4.672000000000001,4.671,4.614000000000001,4.698,14.923,14.937000000000001,14.948,14.949,14.895,14.989,15.019,14.98,15.014,14.995000000000001,14.927,15.007,14.987,14.922,15.032,14.99,15.027000000000001,14.998000000000001,14.867,14.98,15.019,14.996,14.997,15.006,14.998000000000001,14.99,14.98,14.996,15.0,15.017,14.991,14.98
11.771,6.971,0.471,4.181,14.271,6.971,6.971,6.971,6.971,6.971,6.971,6.971,6.971,6.971,6.971,6.971,6.971,6.971,6.971,59.589,12.219,0.0,21.802,8.241,20.039,7.718,10.934,10.876,9.343,43.533,15.021,8.066,33.599,28.659,33.397,19.411,12.533,38.011,30.076,8.879,31.202,7.018,22.745,14.277,8.354,9.988,9.267,7.92,15.708,10.195,13.698,31.223,10.293,9.52,33.508,13.47,40.836,11.253,6.326,9.423,7.286,18.426,8.957,8.823,10.48,9.52,8.56,24.425,4.584,4.587,4.688,4.635,4.602,4.59,4.542,4.555,4.623,4.622,4.565,4.649,14.874,14.888000000000002,14.899000000000001,14.9,14.846,14.940000000000001,14.97,14.931000000000001,14.965,14.946000000000002,14.878,14.958,14.938,14.873000000000001,14.983,14.941,14.978000000000002,14.949000000000002,14.818000000000001,14.931000000000001,14.97,14.947000000000001,14.948,14.957,14.949000000000002,14.941,14.931000000000001,14.947000000000001,14.951,14.968,14.942,14.931000000000001
11.8,7.0,0.5,4.21,14.3,7.0,7.0,7.0,7.0,7.0,7.0,7.0,7.0,7.0,7.0,7.0,7.0,7.0,7.0,9.974,20.799,21.802,0.0,8.241,13.306,25.738,12.195,8.071,31.033,40.692,19.114,7.926,8.24,12.214,7.605,9.84,9.202,35.771,7.607,24.82,9.232,7.281,24.958,36.152,8.257,9.539,7.863,7.919,26.176,9.461,11.893,9.95,24.523,9.2,14.105,7.599,26.64,20.667,14.132,8.148,8.24,7.92,9.112,7.723,9.52,8.242,18.42,18.07,4.6129999999999995,4.616,4.717,4.664,4.631,4.619,4.571,4.584,4.652,4.651,4.594,4.678,14.903,14.917000000000002,14.928,14.929,14.875,14.969000000000001,14.999,14.96,14.994,14.975000000000001,14.907,14.987,14.967,14.902000000000001,15.012,14.97,15.007000000000001,14.978000000000002,14.847000000000001,14.96,14.999,14.976,14.977,14.986,14.978000000000002,14.97,14.96,14.976,14.98,14.997,14.971,14.96
11.793000000000001,6.993,0.493,4.203,14.293000000000001,6.993,6.993,6.993,6.993,6.993,6.993,6.993,6.993,6.993,6.993,6.993,6.993,6.993,6.993,62.242,10.614,8.241,8.241,0.0,12.897,37.647,8.241,13.92,11.915,21.5,20.274,8.584,13.494,15.009,13.779,10.316,7.921,23.679,8.383,26.238,6.64,8.881,18.238,21.439,10.612,19.651,9.2,10.168,13.813,7.919,26.606,9.2,7.6,14.595,79.585,8.654,15.412,15.095,41.245,9.079,9.333,7.92,11.499,22.062,8.559,8.88,10.16,9.605,4.606,4.609,4.71,4.657,4.6240000000000006,4.612,4.564,4.577,4.6450000000000005,4.644,4.587000000000001,4.671,14.896,14.91,14.921000000000001,14.922,14.868,14.962000000000002,14.992,14.953000000000001,14.987000000000002,14.968000000000002,14.9,14.98,14.96,14.895000000000001,15.005,14.963000000000001,15.000000000000002,14.971000000000002,14.840000000000002,14.953000000000001,14.992,14.969000000000001,14.97,14.979000000000001,14.971000000000002,14.963000000000001,14.953000000000001,14.969000000000001,14.973,14.99,14.964,14.953000000000001
11.757000000000001,6.957,0.457,4.167,14.257000000000001,6.957,6.957,6.957,6.957,6.957,6.957,6.957,6.957,6.957,6.957,6.957,6.957,6.957,6.957,76.927,12.409,20.039,13.306,12.897,0.0,18.842,17.537,8.379,22.038,8.38,7.286,10.26,13.173,15.339,10.935,11.983,6.965,6.655,9.841,9.027,6.959,9.199,6.959,8.56,7.384,7.6,8.521,8.246,9.466,8.832,10.426,6.966,7.926,6.646,9.199,15.991,11.893,29.281,14.532,18.334,10.37,9.848,12.533,7.28,24.337,9.199,9.208,9.608,4.57,4.5729999999999995,4.6739999999999995,4.6209999999999996,4.588,4.576,4.528,4.5409999999999995,4.609,4.608,4.551,4.635,14.860000000000001,14.874000000000002,14.885000000000002,14.886000000000001,14.832,14.926000000000002,14.956000000000001,14.917000000000002,14.951,14.932000000000002,14.864,14.944,14.924000000000001,14.859000000000002,14.969000000000001,14.927000000000001,14.964000000000002,14.935000000000002,14.804000000000002,14.917000000000002,14.956000000000001,14.933000000000002,14.934000000000001,14.943000000000001,14.935000000000002,14.927000000000001,14.917000000000002,14.933000000000002,14.937000000000001,14.954,14.928,14.917000000000002
11.767000000000001,6.967,0.467,4.177,14.267000000000001,6.967,6.967,6.967,6.967,6.967,6.967,6.967,6.967,6.967,6.967,6.967,6.967,6.967,6.967,40.571,70.182,7.718,25.738,37.647,18.842,0.0,8.853,11.852,9.201,15.914,8.383,12.853,6.012,13.493,9.839,6.645,7.287,6.326,10.159,8.24,7.919,8.245,10.292,8.56,8.349,9.201,10.48,8.559,32.632,8.88,29.614,9.52,7.606,13.179,45.245,7.286,10.293,26.565,38.606,30.716,9.973,8.88,10.021,10.16,9.52,7.92,8.24,6.959,4.58,4.582999999999999,4.683999999999999,4.630999999999999,4.598,4.585999999999999,4.537999999999999,4.550999999999999,4.619,4.617999999999999,4.561,4.645,14.870000000000001,14.884,14.895000000000001,14.896,14.842,14.936000000000002,14.966000000000001,14.927000000000001,14.961000000000002,14.942000000000002,14.874,14.954,14.934000000000001,14.869000000000002,14.979000000000001,14.937000000000001,14.974000000000002,14.945000000000002,14.814000000000002,14.927000000000001,14.966000000000001,14.943000000000001,14.944,14.953000000000001,14.945000000000002,14.937000000000001,14.927000000000001,14.943000000000001,14.947000000000001,14.964,14.938,14.927000000000001
11.726,6.926,0.426,4.136,14.226,6.926,6.926,6.926,6.926,6.926,6.926,6.926,6.926,6.926,6.926,6.926,6.926,6.926,6.926,65.469,9.52,10.934,12.195,8.241,17.537,8.853,0.0,6.646,8.88,6.993,8.88,23.359,7.303,21.0,7.279,7.279,7.29,6.646,12.533,6.965,7.919,8.239,9.839,11.095,10.613,7.919,12.533,9.84,16.653,7.921,9.973,8.882,8.24,6.967,15.413,7.243,6.64,16.396,22.046,10.159,8.246,8.88,33.278,9.199,7.921,6.655,6.646,8.889,4.539,4.542,4.643,4.59,4.557,4.545,4.497,4.51,4.578,4.577,4.5200000000000005,4.604,14.829,14.843,14.854000000000001,14.855,14.801,14.895000000000001,14.925,14.886000000000001,14.920000000000002,14.901000000000002,14.833,14.913,14.893,14.828000000000001,14.938,14.896,14.933000000000002,14.904000000000002,14.773000000000001,14.886000000000001,14.925,14.902000000000001,14.903,14.912,14.904000000000002,14.896,14.886000000000001,14.902000000000001,14.906,14.923,14.897,14.886000000000001
11.765,6.965,0.465,4.175,14.265,6.965,6.965,6.965,6.965,6.965,6.965,6.965,6.965,6.965,6.965,6.965,6.965,6.965,6.965,84.143,23.237,10.876,8.071,13.92,8.379,11.852,6.646,0.0,6.646,9.012,14.452,15.039,6.647,10.614,7.286,9.2,7.92,18.755,8.254,8.24,8.245,10.614,7.92,8.566,7.605,7.28,8.246,8.56,10.48,6.011,11.705,8.88,10.159,6.959,10.159,7.92,8.879,16.654,13.493,8.88,7.925,8.879,10.178,6.012,7.285,7.605,7.287,9.2,4.577999999999999,4.5809999999999995,4.6819999999999995,4.629,4.596,4.584,4.536,4.5489999999999995,4.617,4.616,4.559,4.643,14.868,14.882000000000001,14.893,14.894,14.84,14.934000000000001,14.964,14.925,14.959,14.940000000000001,14.872,14.952,14.932,14.867,14.977,14.935,14.972000000000001,14.943000000000001,14.812000000000001,14.925,14.964,14.941,14.942,14.951,14.943000000000001,14.935,14.925,14.941,14.945,14.962,14.936,14.925
11.732000000000001,6.932,0.432,4.142,14.232000000000001,6.932,6.932,6.932,6.932,6.932,6.932,6.932,6.932,6.932,6.932,6.932,6.932,6.932,6.932,31.696,40.762,9.343,31.033,11.915,22.038,9.201,8.88,6.646,0.0,10.205,28.291,8.231,18.106,8.247,6.672,10.16,10.161,6.327,8.561,8.533,10.306,9.2,9.588,10.836,8.24,9.519,8.88,6.646,8.246,6.64,8.881,8.248,9.52,10.485,7.919,17.765,8.56,16.694,8.56,7.92,7.28,7.925,9.841,6.327,6.966,8.559,7.605,6.96,4.545,4.548,4.649,4.596,4.563000000000001,4.551,4.503,4.516,4.5840000000000005,4.583,4.526000000000001,4.61,14.835,14.849,14.860000000000001,14.861,14.807,14.901000000000002,14.931000000000001,14.892000000000001,14.926000000000002,14.907000000000002,14.839,14.919,14.899000000000001,14.834000000000001,14.944,14.902000000000001,14.939000000000002,14.910000000000002,14.779000000000002,14.892000000000001,14.931000000000001,14.908000000000001,14.909,14.918000000000001,14.910000000000002,14.902000000000001,14.892000000000001,14.908000000000001,14.912,14.929,14.903,14.892000000000001
11.74,6.94,0.44,4.15,14.24,6.94,6.94,6.94,6.94,6.94,6.94,6.94,6.94,6.94,6.94,6.94,6.94,6.94,6.94,42.412,19.983,43.533,40.692,21.5,8.38,15.914,6.993,9.012,10.205,0.0,18.29,11.385,18.927,13.689,16.319,11.254,8.247,7.334,14.454,10.479,8.479,40.451,7.926,6.974,8.56,9.84,10.159,7.286,8.255,7.92,6.326,40.45,6.326,9.2,6.646,7.285,6.011,15.71,10.686,9.839,6.965,6.326,9.208,7.935,7.286,7.286,6.325,9.2,4.553000000000001,4.556,4.657,4.604,4.571000000000001,4.559,4.511,4.524,4.5920000000000005,4.591,4.534000000000001,4.618,14.843,14.857,14.868,14.869,14.815,14.909,14.939,14.9,14.934000000000001,14.915000000000001,14.847,14.927,14.907,14.842,14.952,14.91,14.947000000000001,14.918000000000001,14.787,14.9,14.939,14.916,14.917,14.926,14.918000000000001,14.91,14.9,14.916,14.92,14.937,14.911,14.9
11.731,6.931,0.431,4.141,14.231,6.931,6.931,6.931,6.931,6.931,6.931,6.931,6.931,6.931,6.931,6.931,6.931,6.931,6.931,46.506,9.238,15.021,19.114,20.274,7.286,8.383,8.88,14.452,28.291,18.29,0.0,22.915,13.814,10.245,7.606,13.173,9.521,19.707,10.941,7.926,7.599,8.245,8.533,14.133,9.849,7.262,8.88,6.959,9.519,8.879,9.981,7.599,13.305,7.925,8.24,6.325,8.239,8.233,13.494,8.879,9.84,6.96,9.84,7.6,6.325,6.646,8.24,9.2,4.5440000000000005,4.547,4.648,4.595,4.562,4.55,4.502,4.515,4.583,4.582,4.525,4.609,14.834,14.847999999999999,14.859,14.86,14.806,14.9,14.93,14.891,14.925,14.906,14.838,14.918,14.898,14.833,14.943,14.901,14.938,14.909,14.778,14.891,14.93,14.907,14.908,14.917,14.909,14.901,14.891,14.907,14.911,14.927999999999999,14.902,14.891
11.708,6.908,0.408,4.118,14.208,6.908,6.908,6.908,6.908,6.908,6.908,6.908,6.908,6.908,6.908,6.908,6.908,6.908,6.908,55.944,7.606,8.066,7.926,8.584,10.26,12.853,23.359,15.039,8.231,11.385,22.915,0.0,8.24,10.877,7.928,7.599,7.607,9.521,9.519,38.663,8.561,13.625,8.559,9.2,8.559,37.002,8.321,6.966,7.919,8.879,6.64,8.239,8.879,8.239,8.239,9.201,7.28,30.119,13.537,9.52,9.2,8.88,9.84,7.599,8.559,7.926,9.198,8.559,4.521000000000001,4.524,4.625,4.572,4.539000000000001,4.527,4.479,4.492,4.5600000000000005,4.559,4.502000000000001,4.586,14.811,14.825,14.836,14.837,14.783,14.877,14.907,14.868,14.902000000000001,14.883000000000001,14.815,14.895,14.875,14.81,14.92,14.878,14.915000000000001,14.886000000000001,14.755,14.868,14.907,14.884,14.885,14.894,14.886000000000001,14.878,14.868,14.884,14.888,14.905,14.879,14.868
11.713000000000001,6.913,0.413,4.123,14.213000000000001,6.913,6.913,6.913,6.913,6.913,6.913,6.913,6.913,6.913,6.913,6.913,6.913,6.913,6.913,54.094,14.773,33.599,8.24,13.494,13.173,6.012,7.303,6.647,18.106,18.927,13.814,8.24,0.0,17.965,14.772,10.159,7.921,20.675,9.972,8.879,8.879,7.925,9.05,6.966,21.486,22.947,7.92,10.16,7.92,8.239,7.351,7.919,8.56,7.928,7.92,10.479,9.84,8.825,8.027,9.52,9.52,9.199,10.159,9.2,7.599,7.925,8.561,9.519,4.526,4.529,4.63,4.577,4.5440000000000005,4.532,4.484,4.497,4.565,4.564,4.507000000000001,4.591,14.816,14.830000000000002,14.841000000000001,14.842,14.788,14.882000000000001,14.912,14.873000000000001,14.907,14.888000000000002,14.82,14.9,14.88,14.815000000000001,14.925,14.883000000000001,14.920000000000002,14.891000000000002,14.760000000000002,14.873000000000001,14.912,14.889000000000001,14.89,14.899000000000001,14.891000000000002,14.883000000000001,14.873000000000001,14.889000000000001,14.893,14.91,14.884,14.873000000000001
11.737,6.937,0.437,4.147,14.237,6.937,6.937,6.937,6.937,6.937,6.937,6.937,6.937,6.937,6.937,6.937,6.937,6.937,6.937,9.56,51.84,28.659,12.214,15.009,15.339,13.493,21.0,10.614,8.247,13.689,10.245,10.877,17.965,0.0,7.609,11.253,8.561,13.273,7.601,9.839,8.239,8.8,6.969,30.956,13.173,13.374,10.753,7.563,9.2,10.933,11.253,11.752,9.653,8.879,7.926,9.519,9.84,10.942,11.572,7.279,8.88,9.202,9.519,7.599,8.559,6.325,6.64,7.601,4.550000000000001,4.553,4.654,4.601,4.5680000000000005,4.556,4.508,4.521,4.589,4.588,4.531000000000001,4.615,14.84,14.854,14.865,14.866,14.812,14.906,14.936,14.897,14.931000000000001,14.912,14.844,14.924,14.904,14.839,14.949,14.907,14.944,14.915000000000001,14.784,14.897,14.936,14.913,14.914,14.923,14.915000000000001,14.907,14.897,14.913,14.917,14.934,14.908,14.897
11.815000000000001,7.015,0.515,4.225,14.315000000000001,7.015,7.015,7.015,7.015,7.015,7.015,7.015,7.015,7.015,7.015,7.015,7.015,7.015,7.015,23.04,34.711,33.397,7.605,13.779,10.935,9.839,7.279,7.286,6.672,16.319,7.606,7.928,14.772,7.609,0.0,10.294,7.601,10.359,7.928,7.607,7.6,6.326,7.92,13.492,8.24,21.94,6.012,7.606,14.822,7.6,8.241,6.327,7.606,7.286,8.56,7.926,6.967,8.246,10.001,9.841,8.561,9.84,8.24,9.201,8.246,8.88,7.92,7.6,4.628,4.630999999999999,4.731999999999999,4.678999999999999,4.646,4.6339999999999995,4.585999999999999,4.598999999999999,4.667,4.6659999999999995,4.609,4.693,14.918000000000001,14.932000000000002,14.943000000000001,14.944,14.89,14.984000000000002,15.014000000000001,14.975000000000001,15.009,14.990000000000002,14.922,15.002,14.982000000000001,14.917000000000002,15.027000000000001,14.985000000000001,15.022000000000002,14.993000000000002,14.862000000000002,14.975000000000001,15.014000000000001,14.991000000000001,14.992,15.001000000000001,14.993000000000002,14.985000000000001,14.975000000000001,14.991000000000001,14.995000000000001,15.012,14.986,14.975000000000001
11.798,6.998,0.498,4.208,14.298,6.998,6.998,6.998,6.998,6.998,6.998,6.998,6.998,6.998,6.998,6.998,6.998,6.998,6.998,13.594,8.79,19.411,9.84,10.316,11.983,6.645,7.279,9.2,10.16,11.254,13.173,7.599,10.159,11.253,10.294,0.0,7.6,10.933,6.326,8.879,7.919,9.042,9.372,10.036,8.24,26.017,7.606,8.239,9.552,7.279,10.159,16.825,15.274,7.28,8.88,7.599,10.159,42.066,13.945,10.48,8.559,8.559,7.928,10.16,7.286,7.926,7.286,8.88,4.611000000000001,4.614,4.715,4.662,4.6290000000000004,4.617,4.569,4.582,4.65,4.649,4.5920000000000005,4.676,14.901,14.915,14.926,14.927,14.873,14.967,14.997,14.958,14.992,14.973,14.905,14.985,14.965,14.9,15.01,14.968,15.005,14.976,14.845,14.958,14.997,14.974,14.975,14.984,14.976,14.968,14.958,14.974,14.978,14.995,14.969,14.958
11.796000000000001,6.996,0.496,4.2059999999999995,14.296000000000001,6.996,6.996,6.996,6.996,6.996,6.996,6.996,6.996,6.996,6.996,6.996,6.996,6.996,6.996,51.327,8.727,12.533,9.202,7.921,6.965,7.287,7.29,7.92,10.161,8.247,9.521,7.607,7.921,8.561,7.601,7.6,0.0,11.573,6.645,8.24,8.239,11.253,9.026,9.52,7.286,7.601,6.96,6.966,7.606,7.92,8.881,9.08,8.295,7.92,7.929,8.56,7.92,9.98,6.646,9.839,8.56,6.641,7.606,9.52,6.961,8.561,6.326,9.84,4.609,4.611999999999999,4.712999999999999,4.659999999999999,4.627,4.614999999999999,4.566999999999999,4.579999999999999,4.648,4.646999999999999,4.59,4.6739999999999995,14.899000000000001,14.913,14.924000000000001,14.925,14.871,14.965000000000002,14.995000000000001,14.956000000000001,14.990000000000002,14.971000000000002,14.903,14.983,14.963000000000001,14.898000000000001,15.008000000000001,14.966000000000001,15.003000000000002,14.974000000000002,14.843000000000002,14.956000000000001,14.995000000000001,14.972000000000001,14.973,14.982000000000001,14.974000000000002,14.966000000000001,14.956000000000001,14.972000000000001,14.976,14.993,14.967,14.956000000000001
11.801,7.001,0.501,4.211,14.301,7.001,7.001,7.001,7.001,7.001,7.001,7.001,7.001,7.001,7.001,7.001,7.001,7.001,7.001,9.482,40.013,38.011,35.771,23.679,6.655,6.326,6.646,18.755,6.327,7.334,19.707,9.521,20.675,13.273,10.359,10.933,11.573,0.0,8.246,8.249,9.519,13.305,9.519,7.919,6.965,9.425,8.116,8.239,6.012,8.88,8.88,11.259,10.16,7.599,6.011,9.839,7.919,6.969,6.326,9.2,6.334,6.959,8.24,8.88,7.279,7.286,6.645,9.2,4.614000000000001,4.617,4.718,4.665,4.632000000000001,4.62,4.572,4.585,4.6530000000000005,4.652,4.595000000000001,4.679,14.904,14.918,14.929,14.93,14.876,14.97,15.0,14.961,14.995000000000001,14.976,14.908,14.988,14.968,14.903,15.013,14.971,15.008000000000001,14.979000000000001,14.848,14.961,15.0,14.977,14.978,14.987,14.979000000000001,14.971,14.961,14.977,14.981,14.998,14.972,14.961
11.771,6.971,0.471,4.181,14.271,6.971,6.971,6.971,6.971,6.971,6.971,6.971,6.971,6.971,6.971,6.971,6.971,6.971,6.971,18.05,24.002,30.076,7.607,8.383,9.841,10.159,12.533,8.254,8.561,14.454,10.941,9.519,9.972,7.601,7.928,6.326,6.645,8.246,0.0,8.559,7.279,8.692,9.199,9.839,6.961,8.892,8.008,8.879,8.569,9.2,8.559,7.286,9.95,7.279,8.246,7.279,9.839,8.88,9.2,6.02,9.199,9.52,7.925,6.011,6.012,6.325,7.605,9.519,4.584,4.587,4.688,4.635,4.602,4.59,4.542,4.555,4.623,4.622,4.565,4.649,14.874,14.888000000000002,14.899000000000001,14.9,14.846,14.940000000000001,14.97,14.931000000000001,14.965,14.946000000000002,14.878,14.958,14.938,14.873000000000001,14.983,14.941,14.978000000000002,14.949000000000002,14.818000000000001,14.931000000000001,14.97,14.947000000000001,14.948,14.957,14.949000000000002,14.941,14.931000000000001,14.947000000000001,14.951,14.968,14.942,14.931000000000001
11.736,6.936,0.436,4.146,14.236,6.936,6.936,6.936,6.936,6.936,6.936,6.936,6.936,6.936,6.936,6.936,6.936,6.936,6.936,55.688,7.649,8.879,24.82,26.238,9.027,8.24,6.965,8.24,8.533,10.479,7.926,38.663,8.879,9.839,7.607,8.879,8.24,8.249,8.559,0.0,7.608,11.253,9.519,6.965,8.561,8.882,6.425,13.501,7.6,8.56,7.6,6.966,7.921,60.064,7.599,9.839,6.966,14.266,8.56,8.88,7.926,6.64,6.966,7.599,6.641,7.279,8.559,10.159,4.5489999999999995,4.552,4.653,4.6,4.567,4.555,4.507,4.52,4.588,4.587,4.53,4.614,14.839,14.853000000000002,14.864,14.865,14.811,14.905000000000001,14.935,14.896,14.93,14.911000000000001,14.843,14.923,14.903,14.838000000000001,14.948,14.906,14.943000000000001,14.914000000000001,14.783000000000001,14.896,14.935,14.912,14.913,14.922,14.914000000000001,14.906,14.896,14.912,14.916,14.933,14.907,14.896
11.766,6.966,0.466,4.176,14.266,6.966,6.966,6.966,6.966,6.966,6.966,6.966,6.966,6.966,6.966,6.966,6.966,6.966,6.966,8.239,45.756,31.202,9.232,6.64,6.959,7.919,7.919,8.245,10.306,8.479,7.599,8.561,8.879,8.239,7.6,7.919,8.239,9.519,7.279,7.608,0.0,50.504,7.599,8.56,7.92,40.454,46.942,7.6,10.159,53.447,9.84,6.966,11.893,10.292,6.959,9.202,8.558,7.606,9.2,8.888,8.239,9.199,8.245,25.117,8.878,9.519,10.479,55.11,4.579000000000001,4.582,4.683,4.63,4.597,4.585,4.537,4.55,4.618,4.617,4.5600000000000005,4.644,14.869,14.883,14.894,14.895,14.841,14.935,14.965,14.926,14.96,14.941,14.873,14.953,14.933,14.868,14.978,14.936,14.973,14.944,14.813,14.926,14.965,14.942,14.943,14.952,14.944,14.936,14.926,14.942,14.946,14.963,14.937,14.926
11.773000000000001,6.973,0.473,4.183,14.273000000000001,6.973,6.973,6.973,6.973,6.973,6.973,6.973,6.973,6.973,6.973,6.973,6.973,6.973,6.973,20.484,15.177,7.018,7.281,8.881,9.199,8.245,8.239,10.614,9.2,40.451,8.245,13.625,7.925,8.8,6.326,9.042,11.253,13.305,8.692,11.253,50.504,0.0,11.602,8.879,8.88,24.966,7.6,10.161,14.772,29.793,8.24,7.642,32.409,9.2,8.88,22.672,8.239,7.927,8.879,8.56,6.959,10.015,6.326,10.453,53.628,7.286,8.561,7.919,4.586,4.5889999999999995,4.6899999999999995,4.637,4.604,4.592,4.544,4.5569999999999995,4.625,4.624,4.567,4.651,14.876000000000001,14.89,14.901000000000002,14.902000000000001,14.848,14.942000000000002,14.972000000000001,14.933000000000002,14.967000000000002,14.948000000000002,14.88,14.96,14.940000000000001,14.875000000000002,14.985000000000001,14.943000000000001,14.980000000000002,14.951000000000002,14.820000000000002,14.933000000000002,14.972000000000001,14.949000000000002,14.950000000000001,14.959000000000001,14.951000000000002,14.943000000000001,14.933000000000002,14.949000000000002,14.953000000000001,14.97,14.944,14.933000000000002
11.766,6.966,0.466,4.176,14.266,6.966,6.966,6.966,6.966,6.966,6.966,6.966,6.966,6.966,6.966,6.966,6.966,6.966,6.966,40.588,8.322,22.745,24.958,18.238,6.959,10.292,9.839,7.92,9.588,7.926,8.533,8.559,9.05,6.969,7.92,9.372,9.026,9.519,9.199,9.519,7.599,11.602,0.0,8.245,8.248,30.22,9.2,8.88,13.172,10.889,11.297,23.28,18.052,7.841,6.974,23.187,7.801,6.965,12.211,7.279,8.879,8.879,11.323,9.839,9.654,9.199,10.16,9.012,4.579000000000001,4.582,4.683,4.63,4.597,4.585,4.537,4.55,4.618,4.617,4.5600000000000005,4.644,14.869,14.883,14.894,14.895,14.841,14.935,14.965,14.926,14.96,14.941,14.873,14.953,14.933,14.868,14.978,14.936,14.973,14.944,14.813,14.926,14.965,14.942,14.943,14.952,14.944,14.936,14.926,14.942,14.946,14.963,14.937,14.926
11.697000000000001,6.897,0.397,4.107,14.197000000000001,6.897,6.897,6.897,6.897,6.897,6.897,6.897,6.897,6.897,6.897,6.897,6.897,6.897,6.897,8.56,6.965,14.277,36.152,21.439,8.56,8.56,11.095,8.566,10.836,6.974,14.133,9.2,6.966,30.956,13.492,10.036,9.52,7.919,9.839,6.965,8.56,8.879,8.245,0.0,8.881,9.432,9.2,8.561,35.777,8.561,11.742,10.234,8.246,21.893,12.241,10.613,10.495,12.212,8.971,8.018,54.648,13.354,10.106,6.646,8.947,9.2,11.123,9.341,4.51,4.513,4.614,4.561,4.5280000000000005,4.516,4.468,4.481,4.549,4.548,4.4910000000000005,4.575,14.8,14.814,14.825000000000001,14.826,14.772,14.866000000000001,14.896,14.857000000000001,14.891000000000002,14.872000000000002,14.804,14.884,14.864,14.799000000000001,14.909,14.867,14.904000000000002,14.875000000000002,14.744000000000002,14.857000000000001,14.896,14.873000000000001,14.874,14.883000000000001,14.875000000000002,14.867,14.857000000000001,14.873000000000001,14.877,14.894,14.868,14.857000000000001
11.709000000000001,6.909,0.409,4.119,14.209000000000001,6.909,6.909,6.909,6.909,6.909,6.909,6.909,6.909,6.909,6.909,6.909,6.909,6.909,6.909,60.125,7.6,8.354,8.257,10.612,7.384,8.349,10.613,7.605,8.24,8.56,9.849,8.559,21.486,13.173,8.24,8.24,7.286,6.965,6.961,8.561,7.92,8.88,8.248,8.881,0.0,22.328,8.981,9.199,37.251,13.173,9.046,7.926,8.373,9.199,14.532,6.966,7.606,19.505,12.478,8.415,46.06,18.469,9.082,19.706,10.027,8.881,8.879,8.24,4.522,4.5249999999999995,4.6259999999999994,4.5729999999999995,4.54,4.528,4.4799999999999995,4.492999999999999,4.561,4.56,4.503,4.587,14.812000000000001,14.826,14.837000000000002,14.838000000000001,14.784,14.878000000000002,14.908000000000001,14.869000000000002,14.903000000000002,14.884000000000002,14.816,14.896,14.876000000000001,14.811000000000002,14.921000000000001,14.879000000000001,14.916000000000002,14.887000000000002,14.756000000000002,14.869000000000002,14.908000000000001,14.885000000000002,14.886000000000001,14.895000000000001,14.887000000000002,14.879000000000001,14.869000000000002,14.885000000000002,14.889000000000001,14.906,14.88,14.869000000000002
11.755,6.955,0.455,4.165,14.255,6.955,6.955,6.955,6.955,6.955,6.955,6.955,6.955,6.955,6.955,6.955,6.955,6.955,6.955,44.722,9.84,9.988,9.539,19.651,7.6,9.201,7.919,7.28,9.519,9.84,7.262,37.002,22.947,13.374,21.94,26.017,7.601,9.425,8.892,8.882,40.454,24.966,30.22,9.432,22.328,0.0,8.56,6.966,13.493,7.601,15.093,6.392,7.6,8.559,8.239,9.143,11.581,31.786,7.6,7.047,20.804,17.833,7.6,8.56,8.246,10.16,9.519,7.599,4.568,4.571,4.672,4.619,4.586,4.574,4.526,4.539,4.607,4.606,4.549,4.633,14.858,14.872,14.883000000000001,14.884,14.83,14.924000000000001,14.954,14.915000000000001,14.949000000000002,14.930000000000001,14.862,14.942,14.922,14.857000000000001,14.967,14.925,14.962000000000002,14.933000000000002,14.802000000000001,14.915000000000001,14.954,14.931000000000001,14.932,14.941,14.933000000000002,14.925,14.915000000000001,14.931000000000001,14.935,14.952,14.926,14.915000000000001
