grenoble,lille,paris,saclay,strasbourg,lille_20_m3-1,lille_20_m3-5,lille_20_m3-6,lille_20_m3-12,lille_20_m3-13,lille_20_m3-15,lille_20_m3-19,lille_20_m3-21,lille_20_m3-22,lille_20_m3-23,paris_m3-4,paris_m3-5,paris_m3-6,paris_m3-7,paris_m3-8,paris_m3-10,paris_m3-11,paris_m3-12,paris_m3-13,paris_m3-14,paris_m3-15,paris_m3-16,paris_m3-17,paris_m3-18,paris_m3-19,paris_m3-20,paris_m3-21,paris_m3-22,paris_m3-23,paris_m3-24,paris_m3-25,paris_m3-26,paris_m3-27,paris_m3-28,paris_m3-31,paris_m3-35,paris_m3-36,paris_m3-37,paris_m3-38,paris_m3-39,paris_m3-40,paris_m3-41,paris_m3-42,paris_m3-43,paris_m3-44,paris_m3-47,paris_m3-48,paris_m3-49,paris_m3-50,paris_m3-51,paris_m3-52,paris_m3-53,paris_m3-55,paris_m3-56,paris_m3-57,paris_m3-60,paris_m3-61,paris_m3-63,paris_m3-64,saclay_m3-1,saclay_m3-2,saclay_m3-3,saclay_m3-4,saclay_m3-5,saclay_m3-6,saclay_m3-7,saclay_m3-8,saclay_m3-9,saclay_m3-10,saclay_m3-11,saclay_m3-12,strasbourg_m3-2,strasbourg_m3-3,strasbourg_m3-6,strasbourg_m3-7,strasbourg_m3-12,strasbourg_m3-13,strasbourg_m3-14,strasbourg_m3-15,strasbourg_m3-18,strasbourg_m3-19,strasbourg_m3-23,strasbourg_m3-25,strasbourg_m3-28,strasbourg_m3-30,strasbourg_m3-31,strasbourg_m3-34,strasbourg_m3-35,strasbourg_m3-38,strasbourg_m3-40,strasbourg_m3-41,strasbourg_m3-42,strasbourg_m3-44,strasbourg_m3-45,strasbourg_m3-46,strasbourg_m3-47,strasbourg_m3-49,strasbourg_m3-51,strasbourg_m3-54,strasbourg_m3-55,strasbourg_m3-58,strasbourg_m3-59,strasbourg_m3-63
0.0,0.0,11.4,11.8,12.4,0.0,0.0,0.0,0.0,0.0,0.0,0.0,0.0,0.0,0.0,11.967,11.942,11.828000000000001,11.841000000000001,11.847,11.837,11.864,11.839,11.936,11.948,11.915000000000001,11.866,11.852,11.855,11.874,11.814,11.864,11.833,11.831,11.831,11.825000000000001,11.849,11.83,11.863,11.85,11.845,11.93,11.882,11.878,11.886000000000001,11.827,11.857000000000001,11.854000000000001,11.854000000000001,11.866,11.838000000000001,11.842,11.864,11.854000000000001,11.864,11.868,11.9,11.926,11.873000000000001,11.861,11.903,11.899000000000001,11.968,11.944,12.33,12.251000000000001,12.256,12.32,12.348,12.332,12.435,12.304,12.363000000000001,12.280000000000001,12.322000000000001,12.417000000000002,13.066,13.131,13.023,13.134,13.121,13.092,13.097,12.979000000000001,12.996,13.093,13.103,13.114,13.109,13.075000000000001,13.138,13.016,13.118,13.024000000000001,13.024000000000001,13.11,12.994,13.058,13.133000000000001,13.101,13.085,13.085,13.073,12.904,13.099,13.095,13.07,13.131
0.0,0.0,6.51,7.18,17.3,0.0,0.0,0.0,0.0,0.0,0.0,0.0,0.0,0.0,0.0,7.077,7.052,6.938,6.951,6.957,6.947,6.974,6.949,7.045999999999999,7.058,7.0249999999999995,6.976,6.962,6.965,6.984,6.9239999999999995,6.974,6.943,6.941,6.941,6.935,6.959,6.9399999999999995,6.973,6.96,6.955,7.04,6.992,6.9879999999999995,6.9959999999999996,6.936999999999999,6.967,6.9639999999999995,6.9639999999999995,6.976,6.9479999999999995,6.952,6.974,6.9639999999999995,6.974,6.978,7.01,7.036,6.983,6.971,7.013,7.0089999999999995,7.077999999999999,7.054,7.71,7.630999999999999,7.636,7.699999999999999,7.728,7.712,7.8149999999999995,7.683999999999999,7.742999999999999,7.66,7.702,7.797,17.966,18.031000000000002,17.923000000000002,18.034,18.021,17.992,17.997,17.879,17.896,17.993000000000002,18.003,18.014,18.009,17.975,18.038,17.916,18.018,17.924,17.924,18.01,17.894000000000002,17.958000000000002,18.033,18.001,17.985,17.985,17.973,17.804000000000002,17.999000000000002,17.995,17.970000000000002,18.031000000000002
11.4,6.51,0.0,3.85,13.9,6.51,6.51,6.51,6.51,6.51,6.51,6.51,6.51,6.51,6.51,0.567,0.542,0.428,0.441,0.447,0.437,0.464,0.439,0.536,0.548,0.515,0.466,0.452,0.455,0.474,0.414,0.464,0.433,0.431,0.431,0.425,0.449,0.43,0.463,0.45,0.445,0.53,0.482,0.478,0.486,0.427,0.457,0.454,0.454,0.466,0.438,0.442,0.464,0.454,0.464,0.468,0.5,0.526,0.473,0.461,0.503,0.499,0.568,0.544,4.38,4.301,4.306,4.37,4.398,4.382,4.485,4.354,4.413,4.33,4.372,4.4670000000000005,14.566,14.631,14.523,14.634,14.621,14.592,14.597,14.479000000000001,14.496,14.593,14.603,14.614,14.609,14.575000000000001,14.638,14.516,14.618,14.524000000000001,14.524000000000001,14.61,14.494,14.558,14.633000000000001,14.601,14.585,14.585,14.573,14.404,14.599,14.595,14.57,14.631
11.8,7.18,3.85,0.0,14.7,7.18,7.18,7.18,7.18,7.18,7.18,7.18,7.18,7.18,7.18,4.417,4.392,4.2780000000000005,4.291,4.297,4.287,4.314,4.289,4.386,4.398,4.365,4.316,4.3020000000000005,4.305,4.324,4.264,4.314,4.283,4.281,4.281,4.275,4.299,4.28,4.313,4.3,4.295,4.38,4.332,4.328,4.336,4.277,4.307,4.304,4.304,4.316,4.288,4.292,4.314,4.304,4.314,4.3180000000000005,4.35,4.376,4.323,4.311,4.353,4.349,4.418,4.394,0.53,0.451,0.456,0.52,0.548,0.532,0.635,0.504,0.563,0.48,0.522,0.617,15.366,15.431,15.322999999999999,15.434,15.421,15.392,15.396999999999998,15.279,15.296,15.392999999999999,15.402999999999999,15.414,15.408999999999999,15.375,15.437999999999999,15.315999999999999,15.418,15.324,15.324,15.41,15.293999999999999,15.357999999999999,15.433,15.401,15.385,15.385,15.373,15.203999999999999,15.399,15.395,15.37,15.431
12.4,17.3,13.9,14.7,0.0,17.3,17.3,17.3,17.3,17.3,17.3,17.3,17.3,17.3,17.3,14.467,14.442,14.328000000000001,14.341000000000001,14.347,14.337,14.364,14.339,14.436,14.448,14.415000000000001,14.366,14.352,14.355,14.374,14.314,14.364,14.333,14.331,14.331,14.325000000000001,14.349,14.33,14.363,14.35,14.345,14.43,14.382,14.378,14.386000000000001,14.327,14.357000000000001,14.354000000000001,14.354000000000001,14.366,14.338000000000001,14.342,14.364,14.354000000000001,14.364,14.368,14.4,14.426,14.373000000000001,14.361,14.403,14.399000000000001,14.468,14.444,15.229999999999999,15.151,15.155999999999999,15.219999999999999,15.248,15.232,15.334999999999999,15.203999999999999,15.263,15.18,15.222,15.317,0.666,0.731,0.623,0.734,0.721,0.692,0.697,0.579,0.596,0.693,0.703,0.714,0.709,0.675,0.738,0.616,0.718,0.624,0.624,0.71,0.594,0.658,0.733,0.701,0.685,0.685,0.673,0.504,0.699,0.695,0.67,0.731
0.0,0.0,6.51,7.18,17.3,0.0,42.997,15.825,9.528,10.026,11.3,22.356,8.267,7.922,7.92,7.077,7.052,6.938,6.951,6.957,6.947,6.974,6.949,7.045999999999999,7.058,7.0249999999999995,6.976,6.962,6.965,6.984,6.9239999999999995,6.974,6.943,6.941,6.941,6.935,6.959,6.9399999999999995,6.973,6.96,6.955,7.04,6.992,6.9879999999999995,6.9959999999999996,6.936999999999999,6.967,6.9639999999999995,6.9639999999999995,6.976,6.9479999999999995,6.952,6.974,6.9639999999999995,6.974,6.978,7.01,7.036,6.983,6.971,7.013,7.0089999999999995,7.077999999999999,7.054,7.71,7.630999999999999,7.636,7.699999999999999,7.728,7.712,7.8149999999999995,7.683999999999999,7.742999999999999,7.66,7.702,7.797,17.966,18.031000000000002,17.923000000000002,18.034,18.021,17.992,17.997,17.879,17.896,17.993000000000002,18.003,18.014,18.009,17.975,18.038,17.916,18.018,17.924,17.924,18.01,17.894000000000002,17.958000000000002,18.033,18.001,17.985,17.985,17.973,17.804000000000002,17.999000000000002,17.995,17.970000000000002,18.031000000000002
0.0,0.0,6.51,7.18,17.3,42.997,0.0,0.0,0.0,0.0,0.0,0.0,0.0,0.0,0.0,7.077,7.052,6.938,6.951,6.957,6.947,6.974,6.949,7.045999999999999,7.058,7.0249999999999995,6.976,6.962,6.965,6.984,6.9239999999999995,6.974,6.943,6.941,6.941,6.935,6.959,6.9399999999999995,6.973,6.96,6.955,7.04,6.992,6.9879999999999995,6.9959999999999996,6.936999999999999,6.967,6.9639999999999995,6.9639999999999995,6.976,6.9479999999999995,6.952,6.974,6.9639999999999995,6.974,6.978,7.01,7.036,6.983,6.971,7.013,7.0089999999999995,7.077999999999999,7.054,7.71,7.630999999999999,7.636,7.699999999999999,7.728,7.712,7.8149999999999995,7.683999999999999,7.742999999999999,7.66,7.702,7.797,17.966,18.031000000000002,17.923000000000002,18.034,18.021,17.992,17.997,17.879,17.896,17.993000000000002,18.003,18.014,18.009,17.975,18.038,17.916,18.018,17.924,17.924,18.01,17.894000000000002,17.958000000000002,18.033,18.001,17.985,17.985,17.973,17.804000000000002,17.999000000000002,17.995,17.970000000000002,18.031000000000002
0.0,0.0,6.51,7.18,17.3,15.825,0.0,0.0,0.0,0.0,0.0,0.0,0.0,0.0,0.0,7.077,7.052,6.938,6.951,6.957,6.947,6.974,6.949,7.045999999999999,7.058,7.0249999999999995,6.976,6.962,6.965,6.984,6.9239999999999995,6.974,6.943,6.941,6.941,6.935,6.959,6.9399999999999995,6.973,6.96,6.955,7.04,6.992,6.9879999999999995,6.9959999999999996,6.936999999999999,6.967,6.9639999999999995,6.9639999999999995,6.976,6.9479999999999995,6.952,6.974,6.9639999999999995,6.974,6.978,7.01,7.036,6.983,6.971,7.013,7.0089999999999995,7.077999999999999,7.054,7.71,7.630999999999999,7.636,7.699999999999999,7.728,7.712,7.8149999999999995,7.683999999999999,7.742999999999999,7.66,7.702,7.797,17.966,18.031000000000002,17.923000000000002,18.034,18.021,17.992,17.997,17.879,17.896,17.993000000000002,18.003,18.014,18.009,17.975,18.038,17.916,18.018,17.924,17.924,18.01,17.894000000000002,17.958000000000002,18.033,18.001,17.985,17.985,17.973,17.804000000000002,17.999000000000002,17.995,17.970000000000002,18.031000000000002
0.0,0.0,6.51,7.18,17.3,9.528,0.0,0.0,0.0,0.0,0.0,0.0,0.0,0.0,0.0,7.077,7.052,6.938,6.951,6.957,6.947,6.974,6.949,7.045999999999999,7.058,7.0249999999999995,6.976,6.962,6.965,6.984,6.9239999999999995,6.974,6.943,6.941,6.941,6.935,6.959,6.9399999999999995,6.973,6.96,6.955,7.04,6.992,6.9879999999999995,6.9959999999999996,6.936999999999999,6.967,6.9639999999999995,6.9639999999999995,6.976,6.9479999999999995,6.952,6.974,6.9639999999999995,6.974,6.978,7.01,7.036,6.983,6.971,7.013,7.0089999999999995,7.077999999999999,7.054,7.71,7.630999999999999,7.636,7.699999999999999,7.728,7.712,7.8149999999999995,7.683999999999999,7.742999999999999,7.66,7.702,7.797,17.966,18.031000000000002,17.923000000000002,18.034,18.021,17.992,17.997,17.879,17.896,17.993000000000002,18.003,18.014,18.009,17.975,18.038,17.916,18.018,17.924,17.924,18.01,17.894000000000002,17.958000000000002,18.033,18.001,17.985,17.985,17.973,17.804000000000002,17.999000000000002,17.995,17.970000000000002,18.031000000000002
0.0,0.0,6.51,7.18,17.3,10.026,0.0,0.0,0.0,0.0,0.0,0.0,0.0,0.0,0.0,7.077,7.052,6.938,6.951,6.957,6.947,6.974,6.949,7.045999999999999,7.058,7.0249999999999995,6.976,6.962,6.965,6.984,6.9239999999999995,6.974,6.943,6.941,6.941,6.935,6.959,6.9399999999999995,6.973,6.96,6.955,7.04,6.992,6.9879999999999995,6.9959999999999996,6.936999999999999,6.967,6.9639999999999995,6.9639999999999995,6.976,6.9479999999999995,6.952,6.974,6.9639999999999995,6.974,6.978,7.01,7.036,6.983,6.971,7.013,7.0089999999999995,7.077999999999999,7.054,7.71,7.630999999999999,7.636,7.699999999999999,7.728,7.712,7.8149999999999995,7.683999999999999,7.742999999999999,7.66,7.702,7.797,17.966,18.031000000000002,17.923000000000002,18.034,18.021,17.992,17.997,17.879,17.896,17.993000000000002,18.003,18.014,18.009,17.975,18.038,17.916,18.018,17.924,17.924,18.01,17.894000000000002,17.958000000000002,18.033,18.001,17.985,17.985,17.973,17.804000000000002,17.999000000000002,17.995,17.970000000000002,18.031000000000002
0.0,0.0,6.51,7.18,17.3,11.3,0.0,0.0,0.0,0.0,0.0,0.0,0.0,0.0,0.0,7.077,7.052,6.938,6.951,6.957,6.947,6.974,6.949,7.045999999999999,7.058,7.0249999999999995,6.976,6.962,6.965,6.984,6.9239999999999995,6.974,6.943,6.941,6.941,6.935,6.959,6.9399999999999995,6.973,6.96,6.955,7.04,6.992,6.9879999999999995,6.9959999999999996,6.936999999999999,6.967,6.9639999999999995,6.9639999999999995,6.976,6.9479999999999995,6.952,6.974,6.9639999999999995,6.974,6.978,7.01,7.036,6.983,6.971,7.013,7.0089999999999995,7.077999999999999,7.054,7.71,7.630999999999999,7.636,7.699999999999999,7.728,7.712,7.8149999999999995,7.683999999999999,7.742999999999999,7.66,7.702,7.797,17.966,18.031000000000002,17.923000000000002,18.034,18.021,17.992,17.997,17.879,17.896,17.993000000000002,18.003,18.014,18.009,17.975,18.038,17.916,18.018,17.924,17.924,18.01,17.894000000000002,17.958000000000002,18.033,18.001,17.985,17.985,17.973,17.804000000000002,17.999000000000002,17.995,17.970000000000002,18.031000000000002
0.0,0.0,6.51,7.18,17.3,22.356,0.0,0.0,0.0,0.0,0.0,0.0,0.0,0.0,0.0,7.077,7.052,6.938,6.951,6.957,6.947,6.974,6.949,7.045999999999999,7.058,7.0249999999999995,6.976,6.962,6.965,6.984,6.9239999999999995,6.974,6.943,6.941,6.941,6.935,6.959,6.9399999999999995,6.973,6.96,6.955,7.04,6.992,6.9879999999999995,6.9959999999999996,6.936999999999999,6.967,6.9639999999999995,6.9639999999999995,6.976,6.9479999999999995,6.952,6.974,6.9639999999999995,6.974,6.978,7.01,7.036,6.983,6.971,7.013,7.0089999999999995,7.077999999999999,7.054,7.71,7.630999999999999,7.636,7.699999999999999,7.728,7.712,7.8149999999999995,7.683999999999999,7.742999999999999,7.66,7.702,7.797,17.966,18.031000000000002,17.923000000000002,18.034,18.021,17.992,17.997,17.879,17.896,17.993000000000002,18.003,18.014,18.009,17.975,18.038,17.916,18.018,17.924,17.924,18.01,17.894000000000002,17.958000000000002,18.033,18.001,17.985,17.985,17.973,17.804000000000002,17.999000000000002,17.995,17.970000000000002,18.031000000000002
0.0,0.0,6.51,7.18,17.3,8.267,0.0,0.0,0.0,0.0,0.0,0.0,0.0,0.0,0.0,7.077,7.052,6.938,6.951,6.957,6.947,6.974,6.949,7.045999999999999,7.058,7.0249999999999995,6.976,6.962,6.965,6.984,6.9239999999999995,6.974,6.943,6.941,6.941,6.935,6.959,6.9399999999999995,6.973,6.96,6.955,7.04,6.992,6.9879999999999995,6.9959999999999996,6.936999999999999,6.967,6.9639999999999995,6.9639999999999995,6.976,6.9479999999999995,6.952,6.974,6.9639999999999995,6.974,6.978,7.01,7.036,6.983,6.971,7.013,7.0089999999999995,7.077999999999999,7.054,7.71,7.630999999999999,7.636,7.699999999999999,7.728,7.712,7.8149999999999995,7.683999999999999,7.742999999999999,7.66,7.702,7.797,17.966,18.031000000000002,17.923000000000002,18.034,18.021,17.992,17.997,17.879,17.896,17.993000000000002,18.003,18.014,18.009,17.975,18.038,17.916,18.018,17.924,17.924,18.01,17.894000000000002,17.958000000000002,18.033,18.001,17.985,17.985,17.973,17.804000000000002,17.999000000000002,17.995,17.970000000000002,18.031000000000002
0.0,0.0,6.51,7.18,17.3,7.922,0.0,0.0,0.0,0.0,0.0,0.0,0.0,0.0,0.0,7.077,7.052,6.938,6.951,6.957,6.947,6.974,6.949,7.045999999999999,7.058,7.0249999999999995,6.976,6.962,6.965,6.984,6.9239999999999995,6.974,6.943,6.941,6.941,6.935,6.959,6.9399999999999995,6.973,6.96,6.955,7.04,6.992,6.9879999999999995,6.9959999999999996,6.936999999999999,6.967,6.9639999999999995,6.9639999999999995,6.976,6.9479999999999995,6.952,6.974,6.9639999999999995,6.974,6.978,7.01,7.036,6.983,6.971,7.013,7.0089999999999995,7.077999999999999,7.054,7.71,7.630999999999999,7.636,7.699999999999999,7.728,7.712,7.8149999999999995,7.683999999999999,7.742999999999999,7.66,7.702,7.797,17.966,18.031000000000002,17.923000000000002,18.034,18.021,17.992,17.997,17.879,17.896,17.993000000000002,18.003,18.014,18.009,17.975,18.038,17.916,18.018,17.924,17.924,18.01,17.894000000000002,17.958000000000002,18.033,18.001,17.985,17.985,17.973,17.804000000000002,17.999000000000002,17.995,17.970000000000002,18.031000000000002
0.0,0.0,6.51,7.18,17.3,7.92,0.0,0.0,0.0,0.0,0.0,0.0,0.0,0.0,0.0,7.077,7.052,6.938,6.951,6.957,6.947,6.974,6.949,7.045999999999999,7.058,7.0249999999999995,6.976,6.962,6.965,6.984,6.9239999999999995,6.974,6.943,6.941,6.941,6.935,6.959,6.9399999999999995,6.973,6.96,6.955,7.04,6.992,6.9879999999999995,6.9959999999999996,6.936999999999999,6.967,6.9639999999999995,6.9639999999999995,6.976,6.9479999999999995,6.952,6.974,6.9639999999999995,6.974,6.978,7.01,7.036,6.983,6.971,7.013,7.0089999999999995,7.077999999999999,7.054,7.71,7.630999999999999,7.636,7.699999999999999,7.728,7.712,7.8149999999999995,7.683999999999999,7.742999999999999,7.66,7.702,7.797,17.966,18.031000000000002,17.923000000000002,18.034,18.021,17.992,17.997,17.879,17.896,17.993000000000002,18.003,18.014,18.009,17.975,18.038,17.916,18.018,17.924,17.924,18.01,17.894000000000002,17.958000000000002,18.033,18.001,17.985,17.985,17.973,17.804000000000002,17.999000000000002,17.995,17.970000000000002,18.031000000000002
11.967,7.077,0.567,4.417,14.467,7.077,7.077,7.077,7.077,7.077,7.077,7.077,7.077,7.077,7.077,0.0,35.857,39.567,22.265,8.692,69.188,28.912,8.412,13.859,31.624,25.317,52.785,19.75,14.634,74.4,56.032,27.634,41.659,7.92,43.144,9.52,27.188,7.97,65.081,99.301,13.506,44.063,59.908,52.491,45.573,42.574,37.976,8.24,48.52,33.912,31.639,29.52,50.701,34.503,47.215,24.302,13.313,44.322,15.213,9.203,34.107,9.951,25.966,32.255,4.947,4.867999999999999,4.873,4.936999999999999,4.965,4.949,5.052,4.920999999999999,4.9799999999999995,4.897,4.939,5.034,15.133000000000001,15.198,15.09,15.201,15.188,15.159,15.164,15.046000000000001,15.063,15.16,15.17,15.181000000000001,15.176,15.142000000000001,15.205,15.083,15.185,15.091000000000001,15.091000000000001,15.177,15.061,15.125,15.200000000000001,15.168000000000001,15.152000000000001,15.152000000000001,15.14,14.971,15.166,15.162,15.137,15.198
11.942,7.052,0.542,4.392,14.442,7.052,7.052,7.052,7.052,7.052,7.052,7.052,7.052,7.052,7.052,35.857,0.0,7.559,51.926,15.266,8.855,41.49,42.868,50.771,60.834,7.022,18.546,39.9,20.665,7.287,27.567,32.407,14.453,82.685,11.619,11.827,43.608,9.408,12.853,7.55,34.387,7.601,15.785,8.996,15.546,24.382,6.012,35.213,8.247,12.618,24.072,9.078,29.421,9.145,10.431,9.8,7.419,8.249,20.986,27.519,26.293,31.567,7.926,22.907,4.922000000000001,4.843,4.848000000000001,4.912000000000001,4.94,4.924,5.027,4.896000000000001,4.955,4.872,4.914000000000001,5.009,15.108,15.173,15.065,15.176,15.163,15.134,15.139,15.021,15.038,15.135,15.145,15.156,15.151,15.117,15.18,15.058,15.16,15.066,15.066,15.152000000000001,15.036,15.1,15.175,15.143,15.127,15.127,15.115,14.946,15.141,15.137,15.112,15.173
11.828000000000001,6.938,0.428,4.2780000000000005,14.328000000000001,6.938,6.938,6.938,6.938,6.938,6.938,6.938,6.938,6.938,6.938,39.567,7.559,0.0,37.424,7.601,9.521,21.545,10.426,9.339,33.597,8.976,7.927,9.635,9.94,6.961,8.138,18.62,6.96,9.52,6.967,29.31,14.452,61.622,22.446,11.243,8.56,11.459,23.225,23.499,36.383,24.753,6.96,33.411,8.56,8.638,15.071,17.598,22.236,7.6,10.145,29.304,23.678,13.74,8.879,29.234,39.364,28.158,23.766,7.92,4.808000000000001,4.729,4.734000000000001,4.798,4.8260000000000005,4.8100000000000005,4.913,4.782,4.841,4.758000000000001,4.800000000000001,4.8950000000000005,14.994000000000002,15.059000000000001,14.951,15.062000000000001,15.049000000000001,15.020000000000001,15.025,14.907000000000002,14.924000000000001,15.021,15.031,15.042000000000002,15.037,15.003000000000002,15.066,14.944,15.046000000000001,14.952000000000002,14.952000000000002,15.038,14.922,14.986,15.061000000000002,15.029000000000002,15.013000000000002,15.013000000000002,15.001000000000001,14.832,15.027000000000001,15.023000000000001,14.998000000000001,15.059000000000001
11.841000000000001,6.951,0.441,4.291,14.341000000000001,6.951,6.951,6.951,6.951,6.951,6.951,6.951,6.951,6.951,6.951,22.265,51.926,37.424,0.0,13.46,8.241,42.424,22.213,8.56,14.586,7.926,7.928,8.517,33.238,8.881,9.201,22.767,21.583,8.374,8.313,39.884,17.785,10.161,21.625,8.559,16.004,43.862,9.519,30.11,9.502,13.181,7.92,19.699,8.88,13.827,20.58,10.328,6.649,7.922,8.889,44.101,10.293,7.601,9.2,29.473,8.192,15.533,7.558,8.246,4.821000000000001,4.742,4.747000000000001,4.811,4.839,4.823,4.926,4.795,4.854,4.771000000000001,4.813000000000001,4.908,15.007000000000001,15.072000000000001,14.964,15.075000000000001,15.062000000000001,15.033000000000001,15.038,14.920000000000002,14.937000000000001,15.034,15.044,15.055000000000001,15.05,15.016000000000002,15.079,14.957,15.059000000000001,14.965000000000002,14.965000000000002,15.051000000000002,14.935,14.999,15.074000000000002,15.042000000000002,15.026000000000002,15.026000000000002,15.014000000000001,14.845,15.040000000000001,15.036000000000001,15.011000000000001,15.072000000000001
11.847,6.957,0.447,4.297,14.347,6.957,6.957,6.957,6.957,6.957,6.957,6.957,6.957,6.957,6.957,8.692,15.266,7.601,13.46,0.0,17.276,8.47,25.332,10.705,29.705,8.92,12.254,24.672,9.147,9.842,16.858,18.106,8.561,10.246,8.562,9.505,8.56,42.051,8.425,8.241,11.663,28.929,10.48,10.677,8.628,8.864,8.881,16.186,8.88,7.92,18.655,39.606,11.253,8.24,12.231,19.705,7.881,9.52,9.24,11.58,9.7,19.887,8.386,8.246,4.827,4.747999999999999,4.753,4.817,4.845,4.829,4.9319999999999995,4.801,4.859999999999999,4.776999999999999,4.819,4.914,15.013,15.078,14.969999999999999,15.081,15.068,15.039,15.043999999999999,14.926,14.943,15.04,15.049999999999999,15.061,15.056,15.022,15.084999999999999,14.963,15.065,14.971,14.971,15.056999999999999,14.940999999999999,15.004999999999999,15.08,15.048,15.032,15.032,15.02,14.850999999999999,15.046,15.042,15.017,15.078
11.837,6.947,0.437,4.287,14.337,6.947,6.947,6.947,6.947,6.947,6.947,6.947,6.947,6.947,6.947,69.188,8.855,9.521,8.241,17.276,0.0,25.363,10.948,14.314,23.135,9.794,35.936,7.92,27.969,6.647,7.602,50.287,9.199,9.521,8.56,8.881,8.559,6.64,9.091,6.966,23.225,18.585,9.2,9.839,26.907,13.593,8.24,20.484,8.88,10.541,11.573,8.56,25.919,7.92,8.641,8.56,23.993,8.24,8.241,30.244,7.025,12.891,10.108,7.929,4.817,4.7379999999999995,4.743,4.807,4.835,4.819,4.922,4.791,4.85,4.7669999999999995,4.809,4.904,15.003,15.068,14.959999999999999,15.071,15.058,15.029,15.033999999999999,14.916,14.933,15.03,15.04,15.051,15.046,15.012,15.075,14.953,15.055,14.961,14.961,15.047,14.931,14.995,15.07,15.038,15.022,15.022,15.01,14.841,15.036,15.032,15.007,15.068
11.864,6.974,0.464,4.314,14.364,6.974,6.974,6.974,6.974,6.974,6.974,6.974,6.974,6.974,6.974,28.912,41.49,21.545,42.424,8.47,25.363,0.0,12.364,9.558,15.095,11.796,12.944,6.326,11.664,7.607,8.881,15.188,19.928,7.921,9.98,35.949,8.879,9.349,14.027,12.213,8.24,7.92,8.56,7.28,14.544,11.572,7.281,27.926,11.205,10.939,22.905,6.325,10.613,6.96,7.578,6.327,7.293,8.24,8.88,10.137,20.864,12.486,8.24,7.28,4.844,4.765,4.7700000000000005,4.834,4.862,4.846,4.949,4.818,4.877,4.7940000000000005,4.836,4.931,15.030000000000001,15.095,14.987,15.098,15.085,15.056000000000001,15.061,14.943000000000001,14.96,15.057,15.067,15.078000000000001,15.073,15.039000000000001,15.102,14.98,15.082,14.988000000000001,14.988000000000001,15.074000000000002,14.958,15.022,15.097000000000001,15.065000000000001,15.049000000000001,15.049000000000001,15.037,14.868,15.063,15.059000000000001,15.034,15.095
11.839,6.949,0.439,4.289,14.339,6.949,6.949,6.949,6.949,6.949,6.949,6.949,6.949,6.949,6.949,8.412,42.868,10.426,22.213,25.332,10.948,12.364,0.0,7.92,22.394,7.601,8.084,7.606,11.007,6.961,8.247,6.96,8.932,27.199,8.241,8.692,7.925,7.869,13.812,8.88,13.323,8.879,9.52,8.239,6.646,18.765,7.609,13.494,9.52,20.345,11.839,10.291,10.736,7.605,7.394,6.325,17.785,7.286,7.608,17.513,8.667,19.386,7.919,7.6,4.819,4.739999999999999,4.745,4.808999999999999,4.837,4.821,4.9239999999999995,4.792999999999999,4.851999999999999,4.769,4.811,4.906,15.005,15.07,14.962,15.073,15.06,15.031,15.036,14.918000000000001,14.935,15.032,15.042,15.053,15.048,15.014000000000001,15.077,14.955,15.057,14.963000000000001,14.963000000000001,15.049,14.933,14.997,15.072000000000001,15.040000000000001,15.024000000000001,15.024000000000001,15.012,14.843,15.038,15.034,15.009,15.07
11.936,7.045999999999999,0.536,4.386,14.436,7.045999999999999,7.045999999999999,7.045999999999999,7.045999999999999,7.045999999999999,7.045999999999999,7.045999999999999,7.045999999999999,7.045999999999999,7.045999999999999,13.859,50.771,9.339,8.56,10.705,14.314,9.558,7.92,0.0,6.96,7.921,8.241,7.445,17.217,8.88,9.84,8.332,23.005,15.685,7.281,10.46,9.2,10.934,7.734,7.926,18.481,7.279,7.28,8.561,6.326,8.179,6.959,13.946,6.649,12.227,10.426,9.012,10.294,8.56,19.773,8.88,11.372,7.926,9.52,10.614,7.6,10.293,7.606,7.599,4.916,4.837,4.8420000000000005,4.906000000000001,4.934,4.918,5.021,4.890000000000001,4.949,4.866,4.908,5.003,15.102,15.167,15.059,15.17,15.157,15.128,15.133,15.015,15.032,15.129,15.139,15.15,15.145,15.111,15.174,15.052,15.154,15.06,15.06,15.146,15.03,15.094,15.169,15.137,15.121,15.121,15.109,14.94,15.135,15.131,15.106,15.167
11.948,7.058,0.548,4.398,14.448,7.058,7.058,7.058,7.058,7.058,7.058,7.058,7.058,7.058,7.058,31.624,60.834,33.597,14.586,29.705,23.135,15.095,22.394,6.96,0.0,12.214,7.489,8.879,18.746,8.241,9.841,9.266,18.82,6.969,8.881,15.74,7.6,8.239,8.88,7.599,8.71,7.928,7.92,8.559,8.246,8.63,7.28,19.011,6.966,35.292,8.24,19.386,7.6,9.52,20.478,8.561,18.747,8.56,9.84,6.968,17.786,13.133,7.028,8.559,4.928,4.848999999999999,4.854,4.917999999999999,4.946,4.93,5.0329999999999995,4.901999999999999,4.960999999999999,4.878,4.92,5.015,15.114,15.179,15.071,15.182,15.169,15.14,15.145,15.027000000000001,15.044,15.141,15.151,15.162,15.157,15.123000000000001,15.186,15.064,15.166,15.072000000000001,15.072000000000001,15.158000000000001,15.042,15.106,15.181000000000001,15.149000000000001,15.133000000000001,15.133000000000001,15.121,14.952,15.147,15.143,15.118,15.179
11.915000000000001,7.0249999999999995,0.515,4.365,14.415000000000001,7.0249999999999995,7.0249999999999995,7.0249999999999995,7.0249999999999995,7.0249999999999995,7.0249999999999995,7.0249999999999995,7.0249999999999995,7.0249999999999995,7.0249999999999995,25.317,7.022,8.976,7.926,8.92,9.794,11.796,7.601,7.921,12.214,0.0,6.959,16.186,16.318,8.88,9.2,8.879,15.093,10.942,6.653,13.812,7.599,8.56,8.245,8.239,24.505,6.965,8.56,8.239,7.848,14.232,8.559,9.978,10.479,7.92,11.435,22.905,6.965,9.199,15.134,9.839,7.927,8.559,9.519,7.599,11.852,9.84,7.358,7.921,4.8950000000000005,4.816,4.821000000000001,4.885,4.913,4.897,5.0,4.869,4.928,4.845000000000001,4.8870000000000005,4.982,15.081000000000001,15.146,15.038,15.149000000000001,15.136000000000001,15.107000000000001,15.112,14.994000000000002,15.011000000000001,15.108,15.118,15.129000000000001,15.124,15.090000000000002,15.153,15.031,15.133000000000001,15.039000000000001,15.039000000000001,15.125,15.009,15.073,15.148000000000001,15.116000000000001,15.100000000000001,15.100000000000001,15.088000000000001,14.919,15.114,15.110000000000001,15.085,15.146
11.866,6.976,0.466,4.316,14.366,6.976,6.976,6.976,6.976,6.976,6.976,6.976,6.976,6.976,6.976,52.785,18.546,7.927,7.928,12.254,35.936,12.944,8.084,8.241,7.489,6.959,0.0,8.572,7.919,8.881,9.2,11.893,9.978,13.492,8.559,7.861,7.605,9.201,9.199,6.959,22.906,9.284,8.56,9.839,10.612,6.471,6.959,7.92,8.559,8.239,12.859,11.172,15.966,7.921,25.411,9.208,8.441,8.559,6.965,24.318,24.506,7.926,7.492,6.96,4.846,4.7669999999999995,4.772,4.836,4.864,4.848,4.951,4.82,4.879,4.795999999999999,4.838,4.933,15.032,15.097,14.988999999999999,15.1,15.087,15.058,15.062999999999999,14.945,14.962,15.059,15.068999999999999,15.08,15.075,15.041,15.104,14.982,15.084,14.99,14.99,15.076,14.959999999999999,15.024,15.099,15.067,15.051,15.051,15.039,14.87,15.065,15.061,15.036,15.097
11.852,6.962,0.452,4.3020000000000005,14.352,6.962,6.962,6.962,6.962,6.962,6.962,6.962,6.962,6.962,6.962,19.75,39.9,9.635,8.517,24.672,7.92,6.326,7.606,7.445,8.879,16.186,8.572,0.0,21.488,9.52,6.967,8.239,6.959,11.893,7.6,12.043,8.881,8.568,7.925,8.888,8.099,7.92,8.239,8.24,9.519,13.304,8.879,8.239,8.559,9.334,13.758,21.941,19.394,9.199,13.656,13.365,6.964,10.161,7.919,9.962,9.519,7.926,9.2,8.879,4.832000000000001,4.753,4.758000000000001,4.822000000000001,4.8500000000000005,4.8340000000000005,4.937,4.806000000000001,4.865,4.782,4.824000000000001,4.9190000000000005,15.018,15.083,14.975,15.086,15.073,15.044,15.049,14.931000000000001,14.948,15.045,15.055,15.066,15.061,15.027000000000001,15.09,14.968,15.07,14.976,14.976,15.062000000000001,14.946,15.01,15.085,15.053,15.037,15.037,15.025,14.856,15.051,15.047,15.022,15.083
11.855,6.965,0.455,4.305,14.355,6.965,6.965,6.965,6.965,6.965,6.965,6.965,6.965,6.965,6.965,14.634,20.665,9.94,33.238,9.147,27.969,11.664,11.007,17.217,18.746,16.318,7.919,21.488,0.0,7.601,9.2,8.88,8.239,9.2,7.601,8.246,9.199,7.28,9.69,7.606,21.306,9.559,8.24,9.52,8.56,14.127,8.56,8.88,9.199,9.973,20.666,13.897,15.092,7.926,8.559,8.246,8.861,9.839,8.879,20.345,9.284,42.244,7.28,9.2,4.835,4.755999999999999,4.761,4.824999999999999,4.853,4.837,4.9399999999999995,4.808999999999999,4.867999999999999,4.785,4.827,4.922,15.021,15.086,14.978,15.089,15.076,15.047,15.052,14.934000000000001,14.951,15.048,15.058,15.069,15.064,15.030000000000001,15.093,14.971,15.073,14.979000000000001,14.979000000000001,15.065000000000001,14.949,15.013,15.088000000000001,15.056000000000001,15.040000000000001,15.040000000000001,15.028,14.859,15.054,15.05,15.025,15.086
11.874,6.984,0.474,4.324,14.374,6.984,6.984,6.984,6.984,6.984,6.984,6.984,6.984,6.984,6.984,74.4,7.287,6.961,8.881,9.842,6.647,7.607,6.961,8.88,8.241,8.88,8.881,9.52,7.601,0.0,7.281,8.245,10.293,9.67,8.56,22.911,9.519,8.24,7.286,7.6,19.581,7.615,6.656,6.646,9.529,10.932,8.88,9.528,7.279,16.141,22.638,10.663,8.558,7.6,22.585,8.239,9.013,8.24,8.88,7.28,7.613,6.965,7.714,6.326,4.854,4.7749999999999995,4.78,4.843999999999999,4.872,4.856,4.959,4.827999999999999,4.887,4.804,4.846,4.941,15.040000000000001,15.105,14.997,15.108,15.095,15.066,15.071,14.953000000000001,14.97,15.067,15.077,15.088000000000001,15.083,15.049000000000001,15.112,14.99,15.092,14.998000000000001,14.998000000000001,15.084,14.968,15.032,15.107000000000001,15.075000000000001,15.059000000000001,15.059000000000001,15.047,14.878,15.073,15.069,15.044,15.105
11.814,6.9239999999999995,0.414,4.264,14.314,6.9239999999999995,6.9239999999999995,6.9239999999999995,6.9239999999999995,6.9239999999999995,6.9239999999999995,6.9239999999999995,6.9239999999999995,6.9239999999999995,6.9239999999999995,56.032,27.567,8.138,9.201,16.858,7.602,8.881,8.247,9.84,9.841,9.2,9.2,6.967,9.2,7.281,0.0,6.64,7.92,8.25,7.601,7.927,7.6,6.646,8.514,7.6,21.946,8.117,7.28,9.2,8.247,7.921,8.242,8.881,9.84,14.773,9.521,31.539,9.201,6.326,22.087,9.201,8.56,7.926,7.606,7.929,9.338,6.966,6.604,6.646,4.7940000000000005,4.715,4.720000000000001,4.784000000000001,4.812,4.796,4.899,4.768000000000001,4.827,4.744,4.7860000000000005,4.881,14.98,15.045,14.937,15.048,15.035,15.006,15.011,14.893,14.91,15.007,15.017,15.028,15.023,14.989,15.052,14.93,15.032,14.938,14.938,15.024000000000001,14.908,14.972,15.047,15.015,14.999,14.999,14.987,14.818,15.013,15.009,14.984,15.045
11.864,6.974,0.464,4.314,14.364,6.974,6.974,6.974,6.974,6.974,6.974,6.974,6.974,6.974,6.974,27.634,32.407,18.62,22.767,18.106,50.287,15.188,6.96,8.332,9.266,8.879,11.893,8.239,8.88,8.245,6.64,0.0,7.285,8.241,8.561,6.959,6.966,6.326,9.046,9.52,11.252,7.285,7.279,7.285,7.292,6.959,7.28,10.159,8.56,8.561,7.725,23.402,10.153,6.326,7.286,8.559,10.303,8.88,7.28,6.64,12.532,6.645,7.286,7.919,4.844,4.765,4.7700000000000005,4.834,4.862,4.846,4.949,4.818,4.877,4.7940000000000005,4.836,4.931,15.030000000000001,15.095,14.987,15.098,15.085,15.056000000000001,15.061,14.943000000000001,14.96,15.057,15.067,15.078000000000001,15.073,15.039000000000001,15.102,14.98,15.082,14.988000000000001,14.988000000000001,15.074000000000002,14.958,15.022,15.097000000000001,15.065000000000001,15.049000000000001,15.049000000000001,15.037,14.868,15.063,15.059000000000001,15.034,15.095
11.833,6.943,0.433,4.283,14.333,6.943,6.943,6.943,6.943,6.943,6.943,6.943,6.943,6.943,6.943,41.659,14.453,6.96,21.583,8.561,9.199,19.928,8.932,23.005,18.82,15.093,9.978,6.959,8.239,10.293,7.92,7.285,0.0,9.521,8.241,20.666,10.16,7.607,8.969,6.325,13.989,8.246,9.2,8.569,8.247,12.213,9.2,10.161,9.2,13.639,9.2,10.479,12.026,8.569,6.64,8.887,6.96,6.961,6.646,6.966,10.565,8.24,7.609,7.92,4.813000000000001,4.734,4.739000000000001,4.803000000000001,4.831,4.815,4.918,4.787000000000001,4.846,4.763,4.805000000000001,4.9,14.999,15.064,14.956,15.067,15.054,15.025,15.03,14.912,14.929,15.026,15.036,15.047,15.042,15.008000000000001,15.071,14.949,15.051,14.957,14.957,15.043,14.927,14.991,15.066,15.034,15.018,15.018,15.006,14.837,15.032,15.028,15.003,15.064
11.831,6.941,0.431,4.281,14.331,6.941,6.941,6.941,6.941,6.941,6.941,6.941,6.941,6.941,6.941,7.92,82.685,9.52,8.374,10.246,9.521,7.921,27.199,15.685,6.969,10.942,13.492,11.893,9.2,9.67,8.25,8.241,9.521,0.0,7.285,14.133,7.925,7.606,6.841,6.965,19.065,7.28,7.926,8.239,6.325,24.631,9.84,9.2,9.199,9.296,10.16,8.88,17.247,9.199,6.963,7.279,8.88,7.605,9.52,11.573,9.604,8.56,8.248,8.239,4.811,4.731999999999999,4.737,4.801,4.829,4.813,4.9159999999999995,4.785,4.843999999999999,4.760999999999999,4.803,4.898,14.997,15.062,14.953999999999999,15.065,15.052,15.023,15.027999999999999,14.91,14.927,15.024,15.033999999999999,15.045,15.04,15.006,15.068999999999999,14.947,15.049,14.955,14.955,15.041,14.924999999999999,14.988999999999999,15.064,15.032,15.016,15.016,15.004,14.834999999999999,15.03,15.026,15.001,15.062
11.831,6.941,0.431,4.281,14.331,6.941,6.941,6.941,6.941,6.941,6.941,6.941,6.941,6.941,6.941,43.144,11.619,6.967,8.313,8.562,8.56,9.98,8.241,7.281,8.881,6.653,8.559,7.6,7.601,8.56,7.601,8.561,8.241,7.285,0.0,8.246,9.519,7.919,7.919,9.839,25.771,9.473,6.655,9.84,7.599,7.925,8.24,8.896,8.239,7.902,7.606,7.285,8.879,9.84,8.56,6.645,7.286,7.279,7.599,8.435,11.893,7.599,8.82,8.24,4.811,4.731999999999999,4.737,4.801,4.829,4.813,4.9159999999999995,4.785,4.843999999999999,4.760999999999999,4.803,4.898,14.997,15.062,14.953999999999999,15.065,15.052,15.023,15.027999999999999,14.91,14.927,15.024,15.033999999999999,15.045,15.04,15.006,15.068999999999999,14.947,15.049,14.955,14.955,15.041,14.924999999999999,14.988999999999999,15.064,15.032,15.016,15.016,15.004,14.834999999999999,15.03,15.026,15.001,15.062
11.825000000000001,6.935,0.425,4.275,14.325000000000001,6.935,6.935,6.935,6.935,6.935,6.935,6.935,6.935,6.935,6.935,9.52,11.827,29.31,39.884,9.505,8.881,35.949,8.692,10.46,15.74,13.812,7.861,12.043,8.246,22.911,7.927,6.959,20.666,14.133,8.246,0.0,27.659,10.481,58.979,31.971,22.012,10.045,7.607,8.88,6.647,13.174,8.241,8.24,7.921,11.254,7.601,7.92,7.92,8.882,12.853,8.879,6.784,9.519,9.52,21.945,14.452,6.325,8.245,7.92,4.805000000000001,4.726,4.731000000000001,4.795,4.823,4.807,4.91,4.779,4.838,4.755000000000001,4.797000000000001,4.892,14.991000000000001,15.056000000000001,14.948,15.059000000000001,15.046000000000001,15.017000000000001,15.022,14.904000000000002,14.921000000000001,15.018,15.028,15.039000000000001,15.034,15.000000000000002,15.063,14.941,15.043000000000001,14.949000000000002,14.949000000000002,15.035,14.919,14.983,15.058000000000002,15.026000000000002,15.010000000000002,15.010000000000002,14.998000000000001,14.829,15.024000000000001,15.020000000000001,14.995000000000001,15.056000000000001
11.849,6.959,0.449,4.299,14.349,6.959,6.959,6.959,6.959,6.959,6.959,6.959,6.959,6.959,6.959,27.188,43.608,14.452,17.785,8.56,8.559,8.879,7.925,9.2,7.6,7.599,7.605,8.881,9.199,9.519,7.6,6.966,10.16,7.925,9.519,27.659,0.0,10.158,17.707,37.427,10.981,66.918,9.461,54.803,7.92,10.238,38.758,9.199,6.64,11.252,10.087,7.28,9.2,60.18,10.637,7.599,7.361,7.92,7.614,7.285,8.239,8.559,6.959,36.025,4.829000000000001,4.75,4.755000000000001,4.819000000000001,4.847,4.831,4.934,4.803000000000001,4.862,4.779,4.821000000000001,4.916,15.015,15.08,14.972,15.083,15.07,15.041,15.046,14.928,14.945,15.042,15.052,15.063,15.058,15.024000000000001,15.087,14.965,15.067,14.973,14.973,15.059000000000001,14.943,15.007,15.082,15.05,15.034,15.034,15.022,14.853,15.048,15.044,15.019,15.08
11.83,6.9399999999999995,0.43,4.28,14.33,6.9399999999999995,6.9399999999999995,6.9399999999999995,6.9399999999999995,6.9399999999999995,6.9399999999999995,6.9399999999999995,6.9399999999999995,6.9399999999999995,6.9399999999999995,7.97,9.408,61.622,10.161,42.051,6.64,9.349,7.869,10.934,8.239,8.56,9.201,8.568,7.28,8.24,6.646,6.326,7.607,7.606,7.919,10.481,10.158,0.0,20.347,49.173,13.073,22.261,10.316,22.922,6.975,7.714,23.6,31.279,7.92,12.393,8.001,8.88,41.601,35.967,9.751,7.606,9.597,9.349,46.413,8.245,11.892,6.646,8.88,21.279,4.8100000000000005,4.731,4.736000000000001,4.800000000000001,4.828,4.812,4.915,4.784000000000001,4.843,4.76,4.8020000000000005,4.897,14.996,15.061,14.953,15.064,15.051,15.022,15.027,14.909,14.926,15.023,15.033,15.044,15.039,15.005,15.068,14.946,15.048,14.954,14.954,15.04,14.924,14.988,15.063,15.031,15.015,15.015,15.003,14.834,15.029,15.025,15.0,15.061
11.863,6.973,0.463,4.313,14.363,6.973,6.973,6.973,6.973,6.973,6.973,6.973,6.973,6.973,6.973,65.081,12.853,22.446,21.625,8.425,9.091,14.027,13.812,7.734,8.88,8.245,9.199,7.925,9.69,7.286,8.514,9.046,8.969,6.841,7.919,58.979,17.707,20.347,0.0,36.942,22.269,10.746,7.92,7.6,38.77,10.479,8.88,17.147,9.2,30.375,7.253,6.645,7.6,24.958,29.429,8.561,7.098,31.491,33.243,62.503,12.851,8.239,28.214,10.842,4.843,4.763999999999999,4.769,4.833,4.861,4.845,4.9479999999999995,4.817,4.8759999999999994,4.792999999999999,4.835,4.93,15.029,15.094,14.985999999999999,15.097,15.084,15.055,15.059999999999999,14.942,14.959,15.056,15.065999999999999,15.077,15.072,15.038,15.100999999999999,14.979,15.081,14.987,14.987,15.073,14.956999999999999,15.020999999999999,15.096,15.064,15.048,15.048,15.036,14.866999999999999,15.062,15.058,15.033,15.094
11.85,6.96,0.45,4.3,14.35,6.96,6.96,6.96,6.96,6.96,6.96,6.96,6.96,6.96,6.96,99.301,7.55,11.243,8.559,8.241,6.966,12.213,8.88,7.926,7.599,8.239,6.959,8.888,7.606,7.6,7.6,9.52,6.325,6.965,9.839,31.971,37.427,49.173,36.942,0.0,18.64,29.399,7.288,6.647,19.712,9.554,7.286,23.546,46.121,8.56,13.136,9.199,9.974,11.573,30.228,13.591,7.325,8.455,12.199,29.345,50.188,6.965,18.254,22.776,4.83,4.7509999999999994,4.756,4.82,4.848,4.832,4.935,4.804,4.8629999999999995,4.779999999999999,4.822,4.917,15.016,15.081,14.972999999999999,15.084,15.071,15.042,15.046999999999999,14.929,14.946,15.043,15.052999999999999,15.064,15.059,15.025,15.088,14.966,15.068,14.974,14.974,15.059999999999999,14.943999999999999,15.008,15.083,15.051,15.035,15.035,15.023,14.854,15.049,15.045,15.02,15.081
11.845,6.955,0.445,4.295,14.345,6.955,6.955,6.955,6.955,6.955,6.955,6.955,6.955,6.955,6.955,13.506,34.387,8.56,16.004,11.663,23.225,8.24,13.323,18.481,8.71,24.505,22.906,8.099,21.306,19.581,21.946,11.252,13.989,19.065,25.771,22.012,10.981,13.073,22.269,18.64,0.0,14.636,7.295,6.327,27.605,14.928,6.326,24.64,9.334,27.512,9.52,8.518,42.99,9.02,8.56,15.093,10.16,12.261,6.966,7.28,10.341,9.579,8.879,24.506,4.825,4.7459999999999996,4.751,4.8149999999999995,4.843,4.827,4.93,4.7989999999999995,4.858,4.775,4.817,4.912,15.011000000000001,15.076,14.968,15.079,15.066,15.037,15.042,14.924000000000001,14.941,15.038,15.048,15.059000000000001,15.054,15.020000000000001,15.083,14.961,15.063,14.969000000000001,14.969000000000001,15.055,14.939,15.003,15.078000000000001,15.046000000000001,15.030000000000001,15.030000000000001,15.018,14.849,15.044,15.040000000000001,15.015,15.076
11.93,7.04,0.53,4.38,14.43,7.04,7.04,7.04,7.04,7.04,7.04,7.04,7.04,7.04,7.04,44.063,7.601,11.459,43.862,28.929,18.585,7.92,8.879,7.279,7.928,6.965,9.284,7.92,9.559,7.615,8.117,7.285,8.246,7.28,9.473,10.045,66.918,22.261,10.746,29.399,14.636,0.0,6.64,7.921,8.24,17.717,9.973,11.411,11.817,19.681,16.185,11.211,6.647,8.833,15.696,9.2,9.199,9.2,6.646,8.24,23.233,9.199,6.965,7.606,4.91,4.8309999999999995,4.836,4.9,4.928,4.912,5.015,4.884,4.943,4.859999999999999,4.902,4.997,15.096,15.161,15.052999999999999,15.164,15.151,15.122,15.126999999999999,15.009,15.026,15.123,15.133,15.144,15.139,15.105,15.168,15.046,15.148,15.054,15.054,15.14,15.024,15.088,15.163,15.131,15.115,15.115,15.103,14.934,15.129,15.125,15.1,15.161
11.882,6.992,0.482,4.332,14.382,6.992,6.992,6.992,6.992,6.992,6.992,6.992,6.992,6.992,6.992,59.908,15.785,23.225,9.519,10.48,9.2,8.56,9.52,7.28,7.92,8.56,8.56,8.239,8.24,6.656,7.28,7.279,9.2,7.926,6.655,7.607,9.461,10.316,7.92,7.288,7.295,6.64,0.0,7.919,8.56,15.564,9.333,22.585,8.24,8.827,17.145,12.854,9.868,6.966,9.201,7.285,11.574,10.613,13.179,9.84,14.132,6.646,7.926,20.846,4.862,4.7829999999999995,4.788,4.852,4.88,4.864,4.967,4.836,4.895,4.811999999999999,4.854,4.949,15.048,15.113,15.004999999999999,15.116,15.103,15.074,15.078999999999999,14.961,14.978,15.075,15.084999999999999,15.096,15.091,15.057,15.12,14.998,15.1,15.006,15.006,15.091999999999999,14.975999999999999,15.04,15.115,15.083,15.067,15.067,15.055,14.886,15.081,15.077,15.052,15.113
